{"data":[{"cells":{"align":["left","right"],"fill":{"color":["#F5F5F5",["rgb(243, 232, 238)","rgb(227, 239, 236)","rgb(189, 227, 216)","rgb(240, 217, 230)"],["rgb(240, 217, 230)","rgb(211, 234, 227)","rgb(189, 227, 216)","rgb(241, 221, 232)"],["rgb(189, 227, 216)","rgb(240, 217, 230)","rgb(241, 221, 232)","rgb(243, 234, 239)"],["rgb(189, 227, 216)","rgb(240, 217, 230)","rgb(240, 219, 231)","rgb(242, 229, 236)"],["rgb(234, 241, 239)","rgb(240, 217, 230)","rgb(189, 227, 216)","rgb(236, 242, 240)"],["rgb(189, 227, 216)","rgb(240, 217, 230)","rgb(211, 234, 228)","rgb(211, 234, 228)"],["rgb(189, 227, 216)","rgb(240, 217, 230)","rgb(240, 218, 230)","rgb(243, 233, 239)"],["rgb(240, 217, 230)","rgb(202, 231, 223)","rgb(189, 227, 216)","rgb(241, 223, 233)"],["rgb(189, 227, 216)","rgb(242, 228, 236)","rgb(240, 217, 230)","rgb(230, 240, 237)"]]},"format":[null,",",",",",",",",",",",",".2f"],"height":21,"values":[["GenusA_speciesA_CAP","GenusB_speciesB_CAP","GenusC_speciesC_CAP","GenusD_speciesD_CAP"],[2036378,2819063,3494696,1516965],[1861,5103,5877,2115],[1095,553,595,718],[1612,601,631,812],[26295,21023,29807,26147],[182,177,181,181],[32.348,7.799,8.167,14.894],[39.0,42.356,42.785,39.428],[23.96,7.93,4.17,16.72]]},"header":{"values":["<b>Sample</b>","<b>Total Length (bp)</b>","<b>Number of Contigs</b>","<b>Mean Length (bp)</b>","<b>Contig N50 (bp)</b>","<b>Longest Contig (bp)</b>","<b>Shortest Contig (bp)</b>","<b>\u22651kbp Contig (%)</b>","<b>GC Content (%)</b>","<b>Mean Depth (x)</b>"]},"type":"table"}],"layout":{"template":{"data":{"bar":[{"error_x":{"color":"#2a3f5f"},"error_y":{"color":"#2a3f5f"},"marker":{"line":{"color":"#E5ECF6","width":0.5},"pattern":{"fillmode":"overlay","size":10,"solidity":0.2}},"type":"bar"}],"barpolar":[{"marker":{"line":{"color":"#E5ECF6","width":0.5},"pattern":{"fillmode":"overlay","size":10,"solidity":0.2}},"type":"barpolar"}],"carpet":[{"aaxis":{"endlinecolor":"#2a3f5f","gridcolor":"white","linecolor":"white","minorgridcolor":"white","startlinecolor":"#2a3f5f"},"baxis":{"endlinecolor":"#2a3f5f","gridcolor":"white","linecolor":"white","minorgridcolor":"white","startlinecolor":"#2a3f5f"},"type":"carpet"}],"choropleth":[{"colorbar":{"outlinewidth":0,"ticks":""},"type":"choropleth"}],"contour":[{"colorbar":{"outlinewidth":0,"ticks":""},"colorscale":[[0.0,"#0d0887"],[0.1111111111111111,"#46039f"],[0.2222222222222222,"#7201a8"],[0.3333333333333333,"#9c179e"],[0.4444444444444444,"#bd3786"],[0.5555555555555556,"#d8576b"],[0.6666666666666666,"#ed7953"],[0.7777777777777778,"#fb9f3a"],[0.8888888888888888,"#fdca26"],[1.0,"#f0f921"]],"type":"contour"}],"contourcarpet":[{"colorbar":{"outlinewidth":0,"ticks":""},"type":"contourcarpet"}],"heatmap":[{"colorbar":{"outlinewidth":0,"ticks":""},"colorscale":[[0.0,"#0d0887"],[0.1111111111111111,"#46039f"],[0.2222222222222222,"#7201a8"],[0.3333333333333333,"#9c179e"],[0.4444444444444444,"#bd3786"],[0.5555555555555556,"#d8576b"],[0.6666666666666666,"#ed7953"],[0.7777777777777778,"#fb9f3a"],[0.8888888888888888,"#fdca26"],[1.0,"#f0f921"]],"type":"heatmap"}],"heatmapgl":[{"colorbar":{"outlinewidth":0,"ticks":""},"colorscale":[[0.0,"#0d0887"],[0.1111111111111111,"#46039f"],[0.2222222222222222,"#7201a8"],[0.3333333333333333,"#9c179e"],[0.4444444444444444,"#bd3786"],[0.5555555555555556,"#d8576b"],[0.6666666666666666,"#ed7953"],[0.7777777777777778,"#fb9f3a"],[0.8888888888888888,"#fdca26"],[1.0,"#f0f921"]],"type":"heatmapgl"}],"histogram":[{"marker":{"pattern":{"fillmode":"overlay","size":10,"solidity":0.2}},"type":"histogram"}],"histogram2d":[{"colorbar":{"outlinewidth":0,"ticks":""},"colorscale":[[0.0,"#0d0887"],[0.1111111111111111,"#46039f"],[0.2222222222222222,"#7201a8"],[0.3333333333333333,"#9c179e"],[0.4444444444444444,"#bd3786"],[0.5555555555555556,"#d8576b"],[0.6666666666666666,"#ed7953"],[0.7777777777777778,"#fb9f3a"],[0.8888888888888888,"#fdca26"],[1.0,"#f0f921"]],"type":"histogram2d"}],"histogram2dcontour":[{"colorbar":{"outlinewidth":0,"ticks":""},"colorscale":[[0.0,"#0d0887"],[0.1111111111111111,"#46039f"],[0.2222222222222222,"#7201a8"],[0.3333333333333333,"#9c179e"],[0.4444444444444444,"#bd3786"],[0.5555555555555556,"#d8576b"],[0.6666666666666666,"#ed7953"],[0.7777777777777778,"#fb9f3a"],[0.8888888888888888,"#fdca26"],[1.0,"#f0f921"]],"type":"histogram2dcontour"}],"mesh3d":[{"colorbar":{"outlinewidth":0,"ticks":""},"type":"mesh3d"}],"parcoords":[{"line":{"colorbar":{"outlinewidth":0,"ticks":""}},"type":"parcoords"}],"pie":[{"automargin":true,"type":"pie"}],"scatter":[{"marker":{"colorbar":{"outlinewidth":0,"ticks":""}},"type":"scatter"}],"scatter3d":[{"line":{"colorbar":{"outlinewidth":0,"ticks":""}},"marker":{"colorbar":{"outlinewidth":0,"ticks":""}},"type":"scatter3d"}],"scattercarpet":[{"marker":{"colorbar":{"outlinewidth":0,"ticks":""}},"type":"scattercarpet"}],"scattergeo":[{"marker":{"colorbar":{"outlinewidth":0,"ticks":""}},"type":"scattergeo"}],"scattergl":[{"marker":{"colorbar":{"outlinewidth":0,"ticks":""}},"type":"scattergl"}],"scattermapbox":[{"marker":{"colorbar":{"outlinewidth":0,"ticks":""}},"type":"scattermapbox"}],"scatterpolar":[{"marker":{"colorbar":{"outlinewidth":0,"ticks":""}},"type":"scatterpolar"}],"scatterpolargl":[{"marker":{"colorbar":{"outlinewidth":0,"ticks":""}},"type":"scatterpolargl"}],"scatterternary":[{"marker":{"colorbar":{"outlinewidth":0,"ticks":""}},"type":"scatterternary"}],"surface":[{"colorbar":{"outlinewidth":0,"ticks":""},"colorscale":[[0.0,"#0d0887"],[0.1111111111111111,"#46039f"],[0.2222222222222222,"#7201a8"],[0.3333333333333333,"#9c179e"],[0.4444444444444444,"#bd3786"],[0.5555555555555556,"#d8576b"],[0.6666666666666666,"#ed7953"],[0.7777777777777778,"#fb9f3a"],[0.8888888888888888,"#fdca26"],[1.0,"#f0f921"]],"type":"surface"}],"table":[{"cells":{"fill":{"color":"#EBF0F8"},"line":{"color":"white"}},"header":{"fill":{"color":"#C8D4E3"},"line":{"color":"white"}},"type":"table"}]},"layout":{"annotationdefaults":{"arrowcolor":"#2a3f5f","arrowhead":0,"arrowwidth":1},"autotypenumbers":"strict","coloraxis":{"colorbar":{"outlinewidth":0,"ticks":""}},"colorscale":{"diverging":[[0,"#8e0152"],[0.1,"#c51b7d"],[0.2,"#de77ae"],[0.3,"#f1b6da"],[0.4,"#fde0ef"],[0.5,"#f7f7f7"],[0.6,"#e6f5d0"],[0.7,"#b8e186"],[0.8,"#7fbc41"],[0.9,"#4d9221"],[1,"#276419"]],"sequential":[[0.0,"#0d0887"],[0.1111111111111111,"#46039f"],[0.2222222222222222,"#7201a8"],[0.3333333333333333,"#9c179e"],[0.4444444444444444,"#bd3786"],[0.5555555555555556,"#d8576b"],[0.6666666666666666,"#ed7953"],[0.7777777777777778,"#fb9f3a"],[0.8888888888888888,"#fdca26"],[1.0,"#f0f921"]],"sequentialminus":[[0.0,"#0d0887"],[0.1111111111111111,"#46039f"],[0.2222222222222222,"#7201a8"],[0.3333333333333333,"#9c179e"],[0.4444444444444444,"#bd3786"],[0.5555555555555556,"#d8576b"],[0.6666666666666666,"#ed7953"],[0.7777777777777778,"#fb9f3a"],[0.8888888888888888,"#fdca26"],[1.0,"#f0f921"]]},"colorway":["#636efa","#EF553B","#00cc96","#ab63fa","#FFA15A","#19d3f3","#FF6692","#B6E880","#FF97FF","#FECB52"],"font":{"color":"#2a3f5f"},"geo":{"bgcolor":"white","lakecolor":"white","landcolor":"#E5ECF6","showlakes":true,"showland":true,"subunitcolor":"white"},"hoverlabel":{"align":"left"},"hovermode":"closest","mapbox":{"style":"light"},"paper_bgcolor":"white","plot_bgcolor":"#E5ECF6","polar":{"angularaxis":{"gridcolor":"white","linecolor":"white","ticks":""},"bgcolor":"#E5ECF6","radialaxis":{"gridcolor":"white","linecolor":"white","ticks":""}},"scene":{"xaxis":{"backgroundcolor":"#E5ECF6","gridcolor":"white","gridwidth":2,"linecolor":"white","showbackground":true,"ticks":"","zerolinecolor":"white"},"yaxis":{"backgroundcolor":"#E5ECF6","gridcolor":"white","gridwidth":2,"linecolor":"white","showbackground":true,"ticks":"","zerolinecolor":"white"},"zaxis":{"backgroundcolor":"#E5ECF6","gridcolor":"white","gridwidth":2,"linecolor":"white","showbackground":true,"ticks":"","zerolinecolor":"white"}},"shapedefaults":{"line":{"color":"#2a3f5f"}},"ternary":{"aaxis":{"gridcolor":"white","linecolor":"white","ticks":""},"baxis":{"gridcolor":"white","linecolor":"white","ticks":""},"bgcolor":"#E5ECF6","caxis":{"gridcolor":"white","linecolor":"white","ticks":""}},"title":{"x":0.05},"xaxis":{"automargin":true,"gridcolor":"white","linecolor":"white","ticks":"","title":{"standoff":15},"zerolinecolor":"white","zerolinewidth":2},"yaxis":{"automargin":true,"gridcolor":"white","linecolor":"white","ticks":"","title":{"standoff":15},"zerolinecolor":"white","zerolinewidth":2}}},"font":{"family":"Arial"},"margin":{"t":80,"b":0,"l":5,"r":5},"updatemenus":[{"buttons":[{"args":[{"cells":{"values":[["GenusA_speciesA_CAP","GenusB_speciesB_CAP","GenusC_speciesC_CAP","GenusD_speciesD_CAP"],[2036378,2819063,3494696,1516965],[1861,5103,5877,2115],[1095,553,595,718],[1612,601,631,812],[26295,21023,29807,26147],[182,177,181,181],[32.348,7.799,8.167,14.894],[39.0,42.356,42.785,39.428],[23.96,7.93,4.17,16.72]],"fill":{"color":["#F5F5F5",["rgb(243, 232, 238)","rgb(227, 239, 236)","rgb(189, 227, 216)","rgb(240, 217, 230)"],["rgb(240, 217, 230)","rgb(211, 234, 227)","rgb(189, 227, 216)","rgb(241, 221, 232)"],["rgb(189, 227, 216)","rgb(240, 217, 230)","rgb(241, 221, 232)","rgb(243, 234, 239)"],["rgb(189, 227, 216)","rgb(240, 217, 230)","rgb(240, 219, 231)","rgb(242, 229, 236)"],["rgb(234, 241, 239)","rgb(240, 217, 230)","rgb(189, 227, 216)","rgb(236, 242, 240)"],["rgb(189, 227, 216)","rgb(240, 217, 230)","rgb(211, 234, 228)","rgb(211, 234, 228)"],["rgb(189, 227, 216)","rgb(240, 217, 230)","rgb(240, 218, 230)","rgb(243, 233, 239)"],["rgb(240, 217, 230)","rgb(202, 231, 223)","rgb(189, 227, 216)","rgb(241, 223, 233)"],["rgb(189, 227, 216)","rgb(242, 228, 236)","rgb(240, 217, 230)","rgb(230, 240, 237)"]]},"format":[null,",",",",",",",",",",",",".2f"],"align":["left","right"],"height":21}}],"label":"Sample","method":"restyle"},{"args":[{"cells":{"values":[["GenusC_speciesC_CAP","GenusB_speciesB_CAP","GenusA_speciesA_CAP","GenusD_speciesD_CAP"],[3494696,2819063,2036378,1516965],[5877,5103,1861,2115],[595,553,1095,718],[631,601,1612,812],[29807,21023,26295,26147],[181,177,182,181],[8.167,7.799,32.348,14.894],[42.785,42.356,39.0,39.428],[4.17,7.93,23.96,16.72]],"fill":{"color":["#F5F5F5",["rgb(189, 227, 216)","rgb(227, 239, 236)","rgb(243, 232, 238)","rgb(240, 217, 230)"],["rgb(189, 227, 216)","rgb(211, 234, 227)","rgb(240, 217, 230)","rgb(241, 221, 232)"],["rgb(241, 221, 232)","rgb(240, 217, 230)","rgb(189, 227, 216)","rgb(243, 234, 239)"],["rgb(240, 219, 231)","rgb(240, 217, 230)","rgb(189, 227, 216)","rgb(242, 229, 236)"],["rgb(189, 227, 216)","rgb(240, 217, 230)","rgb(234, 241, 239)","rgb(236, 242, 240)"],["rgb(211, 234, 228)","rgb(240, 217, 230)","rgb(189, 227, 216)","rgb(211, 234, 228)"],["rgb(240, 218, 230)","rgb(240, 217, 230)","rgb(189, 227, 216)","rgb(243, 233, 239)"],["rgb(189, 227, 216)","rgb(202, 231, 223)","rgb(240, 217, 230)","rgb(241, 223, 233)"],["rgb(240, 217, 230)","rgb(242, 228, 236)","rgb(189, 227, 216)","rgb(230, 240, 237)"]]},"format":[null,",",",",",",",",",",",",".2f"],"align":["left","right"],"height":21}}],"label":"Total Length (bp)","method":"restyle"},{"args":[{"cells":{"values":[["GenusC_speciesC_CAP","GenusB_speciesB_CAP","GenusD_speciesD_CAP","GenusA_speciesA_CAP"],[3494696,2819063,1516965,2036378],[5877,5103,2115,1861],[595,553,718,1095],[631,601,812,1612],[29807,21023,26147,26295],[181,177,181,182],[8.167,7.799,14.894,32.348],[42.785,42.356,39.428,39.0],[4.17,7.93,16.72,23.96]],"fill":{"color":["#F5F5F5",["rgb(189, 227, 216)","rgb(227, 239, 236)","rgb(240, 217, 230)","rgb(243, 232, 238)"],["rgb(189, 227, 216)","rgb(211, 234, 227)","rgb(241, 221, 232)","rgb(240, 217, 230)"],["rgb(241, 221, 232)","rgb(240, 217, 230)","rgb(243, 234, 239)","rgb(189, 227, 216)"],["rgb(240, 219, 231)","rgb(240, 217, 230)","rgb(242, 229, 236)","rgb(189, 227, 216)"],["rgb(189, 227, 216)","rgb(240, 217, 230)","rgb(236, 242, 240)","rgb(234, 241, 239)"],["rgb(211, 234, 228)","rgb(240, 217, 230)","rgb(211, 234, 228)","rgb(189, 227, 216)"],["rgb(240, 218, 230)","rgb(240, 217, 230)","rgb(243, 233, 239)","rgb(189, 227, 216)"],["rgb(189, 227, 216)","rgb(202, 231, 223)","rgb(241, 223, 233)","rgb(240, 217, 230)"],["rgb(240, 217, 230)","rgb(242, 228, 236)","rgb(230, 240, 237)","rgb(189, 227, 216)"]]},"format":[null,",",",",",",",",",",",",".2f"],"align":["left","right"],"height":21}}],"label":"Number of Contigs","method":"restyle"},{"args":[{"cells":{"values":[["GenusA_speciesA_CAP","GenusD_speciesD_CAP","GenusC_speciesC_CAP","GenusB_speciesB_CAP"],[2036378,1516965,3494696,2819063],[1861,2115,5877,5103],[1095,718,595,553],[1612,812,631,601],[26295,26147,29807,21023],[182,181,181,177],[32.348,14.894,8.167,7.799],[39.0,39.428,42.785,42.356],[23.96,16.72,4.17,7.93]],"fill":{"color":["#F5F5F5",["rgb(243, 232, 238)","rgb(240, 217, 230)","rgb(189, 227, 216)","rgb(227, 239, 236)"],["rgb(240, 217, 230)","rgb(241, 221, 232)","rgb(189, 227, 216)","rgb(211, 234, 227)"],["rgb(189, 227, 216)","rgb(243, 234, 239)","rgb(241, 221, 232)","rgb(240, 217, 230)"],["rgb(189, 227, 216)","rgb(242, 229, 236)","rgb(240, 219, 231)","rgb(240, 217, 230)"],["rgb(234, 241, 239)","rgb(236, 242, 240)","rgb(189, 227, 216)","rgb(240, 217, 230)"],["rgb(189, 227, 216)","rgb(211, 234, 228)","rgb(211, 234, 228)","rgb(240, 217, 230)"],["rgb(189, 227, 216)","rgb(243, 233, 239)","rgb(240, 218, 230)","rgb(240, 217, 230)"],["rgb(240, 217, 230)","rgb(241, 223, 233)","rgb(189, 227, 216)","rgb(202, 231, 223)"],["rgb(189, 227, 216)","rgb(230, 240, 237)","rgb(240, 217, 230)","rgb(242, 228, 236)"]]},"format":[null,",",",",",",",",",",",",".2f"],"align":["left","right"],"height":21}}],"label":"Mean Length (bp)","method":"restyle"},{"args":[{"cells":{"values":[["GenusA_speciesA_CAP","GenusD_speciesD_CAP","GenusC_speciesC_CAP","GenusB_speciesB_CAP"],[2036378,1516965,3494696,2819063],[1861,2115,5877,5103],[1095,718,595,553],[1612,812,631,601],[26295,26147,29807,21023],[182,181,181,177],[32.348,14.894,8.167,7.799],[39.0,39.428,42.785,42.356],[23.96,16.72,4.17,7.93]],"fill":{"color":["#F5F5F5",["rgb(243, 232, 238)","rgb(240, 217, 230)","rgb(189, 227, 216)","rgb(227, 239, 236)"],["rgb(240, 217, 230)","rgb(241, 221, 232)","rgb(189, 227, 216)","rgb(211, 234, 227)"],["rgb(189, 227, 216)","rgb(243, 234, 239)","rgb(241, 221, 232)","rgb(240, 217, 230)"],["rgb(189, 227, 216)","rgb(242, 229, 236)","rgb(240, 219, 231)","rgb(240, 217, 230)"],["rgb(234, 241, 239)","rgb(236, 242, 240)","rgb(189, 227, 216)","rgb(240, 217, 230)"],["rgb(189, 227, 216)","rgb(211, 234, 228)","rgb(211, 234, 228)","rgb(240, 217, 230)"],["rgb(189, 227, 216)","rgb(243, 233, 239)","rgb(240, 218, 230)","rgb(240, 217, 230)"],["rgb(240, 217, 230)","rgb(241, 223, 233)","rgb(189, 227, 216)","rgb(202, 231, 223)"],["rgb(189, 227, 216)","rgb(230, 240, 237)","rgb(240, 217, 230)","rgb(242, 228, 236)"]]},"format":[null,",",",",",",",",",",",",".2f"],"align":["left","right"],"height":21}}],"label":"Contig N50 (bp)","method":"restyle"},{"args":[{"cells":{"values":[["GenusC_speciesC_CAP","GenusA_speciesA_CAP","GenusD_speciesD_CAP","GenusB_speciesB_CAP"],[3494696,2036378,1516965,2819063],[5877,1861,2115,5103],[595,1095,718,553],[631,1612,812,601],[29807,26295,26147,21023],[181,182,181,177],[8.167,32.348,14.894,7.799],[42.785,39.0,39.428,42.356],[4.17,23.96,16.72,7.93]],"fill":{"color":["#F5F5F5",["rgb(189, 227, 216)","rgb(243, 232, 238)","rgb(240, 217, 230)","rgb(227, 239, 236)"],["rgb(189, 227, 216)","rgb(240, 217, 230)","rgb(241, 221, 232)","rgb(211, 234, 227)"],["rgb(241, 221, 232)","rgb(189, 227, 216)","rgb(243, 234, 239)","rgb(240, 217, 230)"],["rgb(240, 219, 231)","rgb(189, 227, 216)","rgb(242, 229, 236)","rgb(240, 217, 230)"],["rgb(189, 227, 216)","rgb(234, 241, 239)","rgb(236, 242, 240)","rgb(240, 217, 230)"],["rgb(211, 234, 228)","rgb(189, 227, 216)","rgb(211, 234, 228)","rgb(240, 217, 230)"],["rgb(240, 218, 230)","rgb(189, 227, 216)","rgb(243, 233, 239)","rgb(240, 217, 230)"],["rgb(189, 227, 216)","rgb(240, 217, 230)","rgb(241, 223, 233)","rgb(202, 231, 223)"],["rgb(240, 217, 230)","rgb(189, 227, 216)","rgb(230, 240, 237)","rgb(242, 228, 236)"]]},"format":[null,",",",",",",",",",",",",".2f"],"align":["left","right"],"height":21}}],"label":"Longest Contig (bp)","method":"restyle"},{"args":[{"cells":{"values":[["GenusA_speciesA_CAP","GenusC_speciesC_CAP","GenusD_speciesD_CAP","GenusB_speciesB_CAP"],[2036378,3494696,1516965,2819063],[1861,5877,2115,5103],[1095,595,718,553],[1612,631,812,601],[26295,29807,26147,21023],[182,181,181,177],[32.348,8.167,14.894,7.799],[39.0,42.785,39.428,42.356],[23.96,4.17,16.72,7.93]],"fill":{"color":["#F5F5F5",["rgb(243, 232, 238)","rgb(189, 227, 216)","rgb(240, 217, 230)","rgb(227, 239, 236)"],["rgb(240, 217, 230)","rgb(189, 227, 216)","rgb(241, 221, 232)","rgb(211, 234, 227)"],["rgb(189, 227, 216)","rgb(241, 221, 232)","rgb(243, 234, 239)","rgb(240, 217, 230)"],["rgb(189, 227, 216)","rgb(240, 219, 231)","rgb(242, 229, 236)","rgb(240, 217, 230)"],["rgb(234, 241, 239)","rgb(189, 227, 216)","rgb(236, 242, 240)","rgb(240, 217, 230)"],["rgb(189, 227, 216)","rgb(211, 234, 228)","rgb(211, 234, 228)","rgb(240, 217, 230)"],["rgb(189, 227, 216)","rgb(240, 218, 230)","rgb(243, 233, 239)","rgb(240, 217, 230)"],["rgb(240, 217, 230)","rgb(189, 227, 216)","rgb(241, 223, 233)","rgb(202, 231, 223)"],["rgb(189, 227, 216)","rgb(240, 217, 230)","rgb(230, 240, 237)","rgb(242, 228, 236)"]]},"format":[null,",",",",",",",",",",",",".2f"],"align":["left","right"],"height":21}}],"label":"Shortest Contig (bp)","method":"restyle"},{"args":[{"cells":{"values":[["GenusA_speciesA_CAP","GenusD_speciesD_CAP","GenusC_speciesC_CAP","GenusB_speciesB_CAP"],[2036378,1516965,3494696,2819063],[1861,2115,5877,5103],[1095,718,595,553],[1612,812,631,601],[26295,26147,29807,21023],[182,181,181,177],[32.348,14.894,8.167,7.799],[39.0,39.428,42.785,42.356],[23.96,16.72,4.17,7.93]],"fill":{"color":["#F5F5F5",["rgb(243, 232, 238)","rgb(240, 217, 230)","rgb(189, 227, 216)","rgb(227, 239, 236)"],["rgb(240, 217, 230)","rgb(241, 221, 232)","rgb(189, 227, 216)","rgb(211, 234, 227)"],["rgb(189, 227, 216)","rgb(243, 234, 239)","rgb(241, 221, 232)","rgb(240, 217, 230)"],["rgb(189, 227, 216)","rgb(242, 229, 236)","rgb(240, 219, 231)","rgb(240, 217, 230)"],["rgb(234, 241, 239)","rgb(236, 242, 240)","rgb(189, 227, 216)","rgb(240, 217, 230)"],["rgb(189, 227, 216)","rgb(211, 234, 228)","rgb(211, 234, 228)","rgb(240, 217, 230)"],["rgb(189, 227, 216)","rgb(243, 233, 239)","rgb(240, 218, 230)","rgb(240, 217, 230)"],["rgb(240, 217, 230)","rgb(241, 223, 233)","rgb(189, 227, 216)","rgb(202, 231, 223)"],["rgb(189, 227, 216)","rgb(230, 240, 237)","rgb(240, 217, 230)","rgb(242, 228, 236)"]]},"format":[null,",",",",",",",",",",",",".2f"],"align":["left","right"],"height":21}}],"label":"\u22651kbp Contig (%)","method":"restyle"},{"args":[{"cells":{"values":[["GenusC_speciesC_CAP","GenusB_speciesB_CAP","GenusD_speciesD_CAP","GenusA_speciesA_CAP"],[3494696,2819063,1516965,2036378],[5877,5103,2115,1861],[595,553,718,1095],[631,601,812,1612],[29807,21023,26147,26295],[181,177,181,182],[8.167,7.799,14.894,32.348],[42.785,42.356,39.428,39.0],[4.17,7.93,16.72,23.96]],"fill":{"color":["#F5F5F5",["rgb(189, 227, 216)","rgb(227, 239, 236)","rgb(240, 217, 230)","rgb(243, 232, 238)"],["rgb(189, 227, 216)","rgb(211, 234, 227)","rgb(241, 221, 232)","rgb(240, 217, 230)"],["rgb(241, 221, 232)","rgb(240, 217, 230)","rgb(243, 234, 239)","rgb(189, 227, 216)"],["rgb(240, 219, 231)","rgb(240, 217, 230)","rgb(242, 229, 236)","rgb(189, 227, 216)"],["rgb(189, 227, 216)","rgb(240, 217, 230)","rgb(236, 242, 240)","rgb(234, 241, 239)"],["rgb(211, 234, 228)","rgb(240, 217, 230)","rgb(211, 234, 228)","rgb(189, 227, 216)"],["rgb(240, 218, 230)","rgb(240, 217, 230)","rgb(243, 233, 239)","rgb(189, 227, 216)"],["rgb(189, 227, 216)","rgb(202, 231, 223)","rgb(241, 223, 233)","rgb(240, 217, 230)"],["rgb(240, 217, 230)","rgb(242, 228, 236)","rgb(230, 240, 237)","rgb(189, 227, 216)"]]},"format":[null,",",",",",",",",",",",",".2f"],"align":["left","right"],"height":21}}],"label":"GC Content (%)","method":"restyle"},{"args":[{"cells":{"values":[["GenusA_speciesA_CAP","GenusD_speciesD_CAP","GenusB_speciesB_CAP","GenusC_speciesC_CAP"],[2036378,1516965,2819063,3494696],[1861,2115,5103,5877],[1095,718,553,595],[1612,812,601,631],[26295,26147,21023,29807],[182,181,177,181],[32.348,14.894,7.799,8.167],[39.0,39.428,42.356,42.785],[23.96,16.72,7.93,4.17]],"fill":{"color":["#F5F5F5",["rgb(243, 232, 238)","rgb(240, 217, 230)","rgb(227, 239, 236)","rgb(189, 227, 216)"],["rgb(240, 217, 230)","rgb(241, 221, 232)","rgb(211, 234, 227)","rgb(189, 227, 216)"],["rgb(189, 227, 216)","rgb(243, 234, 239)","rgb(240, 217, 230)","rgb(241, 221, 232)"],["rgb(189, 227, 216)","rgb(242, 229, 236)","rgb(240, 217, 230)","rgb(240, 219, 231)"],["rgb(234, 241, 239)","rgb(236, 242, 240)","rgb(240, 217, 230)","rgb(189, 227, 216)"],["rgb(189, 227, 216)","rgb(211, 234, 228)","rgb(240, 217, 230)","rgb(211, 234, 228)"],["rgb(189, 227, 216)","rgb(243, 233, 239)","rgb(240, 217, 230)","rgb(240, 218, 230)"],["rgb(240, 217, 230)","rgb(241, 223, 233)","rgb(202, 231, 223)","rgb(189, 227, 216)"],["rgb(189, 227, 216)","rgb(230, 240, 237)","rgb(242, 228, 236)","rgb(240, 217, 230)"]]},"format":[null,",",",",",",",",",",",",".2f"],"align":["left","right"],"height":21}}],"label":"Mean Depth (x)","method":"restyle"}],"direction":"down","pad":{"b":10,"t":10},"type":"dropdown","x":1,"xanchor":"right","y":1,"yanchor":"bottom"}],"annotations":[{"align":"right","showarrow":false,"text":"<b>Sort by:</b>","x":1,"xanchor":"right","xref":"paper","xshift":-155,"y":1,"yanchor":"top","yref":"paper","yshift":36}]}}