{"data":[{"cells":{"align":["left","right"],"fill":{"color":["#F5F5F5",["rgb(243, 232, 238)","rgb(226, 239, 235)","rgb(189, 227, 216)","rgb(240, 217, 230)"],["rgb(240, 217, 230)","rgb(207, 233, 225)","rgb(189, 227, 216)","rgb(241, 220, 232)"],["rgb(189, 227, 216)","rgb(240, 217, 230)","rgb(241, 222, 233)","rgb(243, 235, 239)"],["rgb(189, 227, 216)","rgb(240, 217, 230)","rgb(240, 219, 231)","rgb(242, 229, 237)"],["rgb(243, 244, 244)","rgb(240, 217, 230)","rgb(194, 229, 219)","rgb(189, 227, 216)"],["rgb(189, 227, 216)","rgb(240, 217, 230)","rgb(226, 239, 235)","rgb(208, 233, 226)"],["rgb(189, 227, 216)","rgb(240, 217, 230)","rgb(240, 218, 231)","rgb(243, 233, 239)"],["rgb(240, 217, 230)","rgb(203, 231, 223)","rgb(189, 227, 216)","rgb(241, 224, 234)"],["rgb(189, 227, 216)","rgb(242, 227, 235)","rgb(240, 217, 230)","rgb(228, 240, 236)"]]},"format":[null,",",",",",",",",",",",",".2f"],"height":21,"values":[["GenusA_speciesA_CAP","GenusB_speciesB_CAP","GenusC_speciesC_CAP","GenusD_speciesD_CAP"],[2041738,2842883,3502165,1501165],[1830,5193,5847,2068],[1116,548,599,726],[1648,593,636,822],[26676,21023,31429,31918],[183,177,181,182],[33.661,7.876,8.397,15.329],[39.028,42.248,42.691,39.5],[24.1,7.73,4.2,17.09]]},"header":{"values":["<b>Sample</b>","<b>Total Length (bp)</b>","<b>Number of Contigs</b>","<b>Mean Length (bp)</b>","<b>Contig N50 (bp)</b>","<b>Longest Contig (bp)</b>","<b>Shortest Contig (bp)</b>","<b>\u22651kbp Contig (%)</b>","<b>GC Content (%)</b>","<b>Mean Depth (x)</b>"]},"type":"table"}],"layout":{"annotations":[{"align":"right","showarrow":false,"text":"<b>Sort by:</b>","x":1,"xanchor":"right","xref":"paper","xshift":-155,"y":1,"yanchor":"top","yref":"paper","yshift":36}],"font":{"family":"Arial"},"margin":{"b":0,"l":1,"r":1,"t":80},"template":{"data":{"bar":[{"error_x":{"color":"#2a3f5f"},"error_y":{"color":"#2a3f5f"},"marker":{"line":{"color":"#E5ECF6","width":0.5},"pattern":{"fillmode":"overlay","size":10,"solidity":0.2}},"type":"bar"}],"barpolar":[{"marker":{"line":{"color":"#E5ECF6","width":0.5},"pattern":{"fillmode":"overlay","size":10,"solidity":0.2}},"type":"barpolar"}],"carpet":[{"aaxis":{"endlinecolor":"#2a3f5f","gridcolor":"white","linecolor":"white","minorgridcolor":"white","startlinecolor":"#2a3f5f"},"baxis":{"endlinecolor":"#2a3f5f","gridcolor":"white","linecolor":"white","minorgridcolor":"white","startlinecolor":"#2a3f5f"},"type":"carpet"}],"choropleth":[{"colorbar":{"outlinewidth":0,"ticks":""},"type":"choropleth"}],"contour":[{"colorbar":{"outlinewidth":0,"ticks":""},"colorscale":[[0.0,"#0d0887"],[0.1111111111111111,"#46039f"],[0.2222222222222222,"#7201a8"],[0.3333333333333333,"#9c179e"],[0.4444444444444444,"#bd3786"],[0.5555555555555556,"#d8576b"],[0.6666666666666666,"#ed7953"],[0.7777777777777778,"#fb9f3a"],[0.8888888888888888,"#fdca26"],[1.0,"#f0f921"]],"type":"contour"}],"contourcarpet":[{"colorbar":{"outlinewidth":0,"ticks":""},"type":"contourcarpet"}],"heatmap":[{"colorbar":{"outlinewidth":0,"ticks":""},"colorscale":[[0.0,"#0d0887"],[0.1111111111111111,"#46039f"],[0.2222222222222222,"#7201a8"],[0.3333333333333333,"#9c179e"],[0.4444444444444444,"#bd3786"],[0.5555555555555556,"#d8576b"],[0.6666666666666666,"#ed7953"],[0.7777777777777778,"#fb9f3a"],[0.8888888888888888,"#fdca26"],[1.0,"#f0f921"]],"type":"heatmap"}],"heatmapgl":[{"colorbar":{"outlinewidth":0,"ticks":""},"colorscale":[[0.0,"#0d0887"],[0.1111111111111111,"#46039f"],[0.2222222222222222,"#7201a8"],[0.3333333333333333,"#9c179e"],[0.4444444444444444,"#bd3786"],[0.5555555555555556,"#d8576b"],[0.6666666666666666,"#ed7953"],[0.7777777777777778,"#fb9f3a"],[0.8888888888888888,"#fdca26"],[1.0,"#f0f921"]],"type":"heatmapgl"}],"histogram":[{"marker":{"pattern":{"fillmode":"overlay","size":10,"solidity":0.2}},"type":"histogram"}],"histogram2d":[{"colorbar":{"outlinewidth":0,"ticks":""},"colorscale":[[0.0,"#0d0887"],[0.1111111111111111,"#46039f"],[0.2222222222222222,"#7201a8"],[0.3333333333333333,"#9c179e"],[0.4444444444444444,"#bd3786"],[0.5555555555555556,"#d8576b"],[0.6666666666666666,"#ed7953"],[0.7777777777777778,"#fb9f3a"],[0.8888888888888888,"#fdca26"],[1.0,"#f0f921"]],"type":"histogram2d"}],"histogram2dcontour":[{"colorbar":{"outlinewidth":0,"ticks":""},"colorscale":[[0.0,"#0d0887"],[0.1111111111111111,"#46039f"],[0.2222222222222222,"#7201a8"],[0.3333333333333333,"#9c179e"],[0.4444444444444444,"#bd3786"],[0.5555555555555556,"#d8576b"],[0.6666666666666666,"#ed7953"],[0.7777777777777778,"#fb9f3a"],[0.8888888888888888,"#fdca26"],[1.0,"#f0f921"]],"type":"histogram2dcontour"}],"mesh3d":[{"colorbar":{"outlinewidth":0,"ticks":""},"type":"mesh3d"}],"parcoords":[{"line":{"colorbar":{"outlinewidth":0,"ticks":""}},"type":"parcoords"}],"pie":[{"automargin":true,"type":"pie"}],"scatter":[{"marker":{"colorbar":{"outlinewidth":0,"ticks":""}},"type":"scatter"}],"scatter3d":[{"line":{"colorbar":{"outlinewidth":0,"ticks":""}},"marker":{"colorbar":{"outlinewidth":0,"ticks":""}},"type":"scatter3d"}],"scattercarpet":[{"marker":{"colorbar":{"outlinewidth":0,"ticks":""}},"type":"scattercarpet"}],"scattergeo":[{"marker":{"colorbar":{"outlinewidth":0,"ticks":""}},"type":"scattergeo"}],"scattergl":[{"marker":{"colorbar":{"outlinewidth":0,"ticks":""}},"type":"scattergl"}],"scattermapbox":[{"marker":{"colorbar":{"outlinewidth":0,"ticks":""}},"type":"scattermapbox"}],"scatterpolar":[{"marker":{"colorbar":{"outlinewidth":0,"ticks":""}},"type":"scatterpolar"}],"scatterpolargl":[{"marker":{"colorbar":{"outlinewidth":0,"ticks":""}},"type":"scatterpolargl"}],"scatterternary":[{"marker":{"colorbar":{"outlinewidth":0,"ticks":""}},"type":"scatterternary"}],"surface":[{"colorbar":{"outlinewidth":0,"ticks":""},"colorscale":[[0.0,"#0d0887"],[0.1111111111111111,"#46039f"],[0.2222222222222222,"#7201a8"],[0.3333333333333333,"#9c179e"],[0.4444444444444444,"#bd3786"],[0.5555555555555556,"#d8576b"],[0.6666666666666666,"#ed7953"],[0.7777777777777778,"#fb9f3a"],[0.8888888888888888,"#fdca26"],[1.0,"#f0f921"]],"type":"surface"}],"table":[{"cells":{"fill":{"color":"#EBF0F8"},"line":{"color":"white"}},"header":{"fill":{"color":"#C8D4E3"},"line":{"color":"white"}},"type":"table"}]},"layout":{"annotationdefaults":{"arrowcolor":"#2a3f5f","arrowhead":0,"arrowwidth":1},"autotypenumbers":"strict","coloraxis":{"colorbar":{"outlinewidth":0,"ticks":""}},"colorscale":{"diverging":[[0,"#8e0152"],[0.1,"#c51b7d"],[0.2,"#de77ae"],[0.3,"#f1b6da"],[0.4,"#fde0ef"],[0.5,"#f7f7f7"],[0.6,"#e6f5d0"],[0.7,"#b8e186"],[0.8,"#7fbc41"],[0.9,"#4d9221"],[1,"#276419"]],"sequential":[[0.0,"#0d0887"],[0.1111111111111111,"#46039f"],[0.2222222222222222,"#7201a8"],[0.3333333333333333,"#9c179e"],[0.4444444444444444,"#bd3786"],[0.5555555555555556,"#d8576b"],[0.6666666666666666,"#ed7953"],[0.7777777777777778,"#fb9f3a"],[0.8888888888888888,"#fdca26"],[1.0,"#f0f921"]],"sequentialminus":[[0.0,"#0d0887"],[0.1111111111111111,"#46039f"],[0.2222222222222222,"#7201a8"],[0.3333333333333333,"#9c179e"],[0.4444444444444444,"#bd3786"],[0.5555555555555556,"#d8576b"],[0.6666666666666666,"#ed7953"],[0.7777777777777778,"#fb9f3a"],[0.8888888888888888,"#fdca26"],[1.0,"#f0f921"]]},"colorway":["#636efa","#EF553B","#00cc96","#ab63fa","#FFA15A","#19d3f3","#FF6692","#B6E880","#FF97FF","#FECB52"],"font":{"color":"#2a3f5f"},"geo":{"bgcolor":"white","lakecolor":"white","landcolor":"#E5ECF6","showlakes":true,"showland":true,"subunitcolor":"white"},"hoverlabel":{"align":"left"},"hovermode":"closest","mapbox":{"style":"light"},"paper_bgcolor":"white","plot_bgcolor":"#E5ECF6","polar":{"angularaxis":{"gridcolor":"white","linecolor":"white","ticks":""},"bgcolor":"#E5ECF6","radialaxis":{"gridcolor":"white","linecolor":"white","ticks":""}},"scene":{"xaxis":{"backgroundcolor":"#E5ECF6","gridcolor":"white","gridwidth":2,"linecolor":"white","showbackground":true,"ticks":"","zerolinecolor":"white"},"yaxis":{"backgroundcolor":"#E5ECF6","gridcolor":"white","gridwidth":2,"linecolor":"white","showbackground":true,"ticks":"","zerolinecolor":"white"},"zaxis":{"backgroundcolor":"#E5ECF6","gridcolor":"white","gridwidth":2,"linecolor":"white","showbackground":true,"ticks":"","zerolinecolor":"white"}},"shapedefaults":{"line":{"color":"#2a3f5f"}},"ternary":{"aaxis":{"gridcolor":"white","linecolor":"white","ticks":""},"baxis":{"gridcolor":"white","linecolor":"white","ticks":""},"bgcolor":"#E5ECF6","caxis":{"gridcolor":"white","linecolor":"white","ticks":""}},"title":{"x":0.05},"xaxis":{"automargin":true,"gridcolor":"white","linecolor":"white","ticks":"","title":{"standoff":15},"zerolinecolor":"white","zerolinewidth":2},"yaxis":{"automargin":true,"gridcolor":"white","linecolor":"white","ticks":"","title":{"standoff":15},"zerolinecolor":"white","zerolinewidth":2}}},"updatemenus":[{"buttons":[{"args":[{"cells":{"align":["left","right"],"fill":{"color":["#F5F5F5",["rgb(243, 232, 238)","rgb(226, 239, 235)","rgb(189, 227, 216)","rgb(240, 217, 230)"],["rgb(240, 217, 230)","rgb(207, 233, 225)","rgb(189, 227, 216)","rgb(241, 220, 232)"],["rgb(189, 227, 216)","rgb(240, 217, 230)","rgb(241, 222, 233)","rgb(243, 235, 239)"],["rgb(189, 227, 216)","rgb(240, 217, 230)","rgb(240, 219, 231)","rgb(242, 229, 237)"],["rgb(243, 244, 244)","rgb(240, 217, 230)","rgb(194, 229, 219)","rgb(189, 227, 216)"],["rgb(189, 227, 216)","rgb(240, 217, 230)","rgb(226, 239, 235)","rgb(208, 233, 226)"],["rgb(189, 227, 216)","rgb(240, 217, 230)","rgb(240, 218, 231)","rgb(243, 233, 239)"],["rgb(240, 217, 230)","rgb(203, 231, 223)","rgb(189, 227, 216)","rgb(241, 224, 234)"],["rgb(189, 227, 216)","rgb(242, 227, 235)","rgb(240, 217, 230)","rgb(228, 240, 236)"]]},"format":[null,",",",",",",",",",",",",".2f"],"height":21,"values":[["GenusA_speciesA_CAP","GenusB_speciesB_CAP","GenusC_speciesC_CAP","GenusD_speciesD_CAP"],[2041738,2842883,3502165,1501165],[1830,5193,5847,2068],[1116,548,599,726],[1648,593,636,822],[26676,21023,31429,31918],[183,177,181,182],[33.661,7.876,8.397,15.329],[39.028,42.248,42.691,39.5],[24.1,7.73,4.2,17.09]]}}],"label":"Sample","method":"restyle"},{"args":[{"cells":{"align":["left","right"],"fill":{"color":["#F5F5F5",["rgb(189, 227, 216)","rgb(226, 239, 235)","rgb(243, 232, 238)","rgb(240, 217, 230)"],["rgb(189, 227, 216)","rgb(207, 233, 225)","rgb(240, 217, 230)","rgb(241, 220, 232)"],["rgb(241, 222, 233)","rgb(240, 217, 230)","rgb(189, 227, 216)","rgb(243, 235, 239)"],["rgb(240, 219, 231)","rgb(240, 217, 230)","rgb(189, 227, 216)","rgb(242, 229, 237)"],["rgb(194, 229, 219)","rgb(240, 217, 230)","rgb(243, 244, 244)","rgb(189, 227, 216)"],["rgb(226, 239, 235)","rgb(240, 217, 230)","rgb(189, 227, 216)","rgb(208, 233, 226)"],["rgb(240, 218, 231)","rgb(240, 217, 230)","rgb(189, 227, 216)","rgb(243, 233, 239)"],["rgb(189, 227, 216)","rgb(203, 231, 223)","rgb(240, 217, 230)","rgb(241, 224, 234)"],["rgb(240, 217, 230)","rgb(242, 227, 235)","rgb(189, 227, 216)","rgb(228, 240, 236)"]]},"format":[null,",",",",",",",",",",",",".2f"],"height":21,"values":[["GenusC_speciesC_CAP","GenusB_speciesB_CAP","GenusA_speciesA_CAP","GenusD_speciesD_CAP"],[3502165,2842883,2041738,1501165],[5847,5193,1830,2068],[599,548,1116,726],[636,593,1648,822],[31429,21023,26676,31918],[181,177,183,182],[8.397,7.876,33.661,15.329],[42.691,42.248,39.028,39.5],[4.2,7.73,24.1,17.09]]}}],"label":"Total Length (bp)","method":"restyle"},{"args":[{"cells":{"align":["left","right"],"fill":{"color":["#F5F5F5",["rgb(189, 227, 216)","rgb(226, 239, 235)","rgb(240, 217, 230)","rgb(243, 232, 238)"],["rgb(189, 227, 216)","rgb(207, 233, 225)","rgb(241, 220, 232)","rgb(240, 217, 230)"],["rgb(241, 222, 233)","rgb(240, 217, 230)","rgb(243, 235, 239)","rgb(189, 227, 216)"],["rgb(240, 219, 231)","rgb(240, 217, 230)","rgb(242, 229, 237)","rgb(189, 227, 216)"],["rgb(194, 229, 219)","rgb(240, 217, 230)","rgb(189, 227, 216)","rgb(243, 244, 244)"],["rgb(226, 239, 235)","rgb(240, 217, 230)","rgb(208, 233, 226)","rgb(189, 227, 216)"],["rgb(240, 218, 231)","rgb(240, 217, 230)","rgb(243, 233, 239)","rgb(189, 227, 216)"],["rgb(189, 227, 216)","rgb(203, 231, 223)","rgb(241, 224, 234)","rgb(240, 217, 230)"],["rgb(240, 217, 230)","rgb(242, 227, 235)","rgb(228, 240, 236)","rgb(189, 227, 216)"]]},"format":[null,",",",",",",",",",",",",".2f"],"height":21,"values":[["GenusC_speciesC_CAP","GenusB_speciesB_CAP","GenusD_speciesD_CAP","GenusA_speciesA_CAP"],[3502165,2842883,1501165,2041738],[5847,5193,2068,1830],[599,548,726,1116],[636,593,822,1648],[31429,21023,31918,26676],[181,177,182,183],[8.397,7.876,15.329,33.661],[42.691,42.248,39.5,39.028],[4.2,7.73,17.09,24.1]]}}],"label":"Number of Contigs","method":"restyle"},{"args":[{"cells":{"align":["left","right"],"fill":{"color":["#F5F5F5",["rgb(243, 232, 238)","rgb(240, 217, 230)","rgb(189, 227, 216)","rgb(226, 239, 235)"],["rgb(240, 217, 230)","rgb(241, 220, 232)","rgb(189, 227, 216)","rgb(207, 233, 225)"],["rgb(189, 227, 216)","rgb(243, 235, 239)","rgb(241, 222, 233)","rgb(240, 217, 230)"],["rgb(189, 227, 216)","rgb(242, 229, 237)","rgb(240, 219, 231)","rgb(240, 217, 230)"],["rgb(243, 244, 244)","rgb(189, 227, 216)","rgb(194, 229, 219)","rgb(240, 217, 230)"],["rgb(189, 227, 216)","rgb(208, 233, 226)","rgb(226, 239, 235)","rgb(240, 217, 230)"],["rgb(189, 227, 216)","rgb(243, 233, 239)","rgb(240, 218, 231)","rgb(240, 217, 230)"],["rgb(240, 217, 230)","rgb(241, 224, 234)","rgb(189, 227, 216)","rgb(203, 231, 223)"],["rgb(189, 227, 216)","rgb(228, 240, 236)","rgb(240, 217, 230)","rgb(242, 227, 235)"]]},"format":[null,",",",",",",",",",",",",".2f"],"height":21,"values":[["GenusA_speciesA_CAP","GenusD_speciesD_CAP","GenusC_speciesC_CAP","GenusB_speciesB_CAP"],[2041738,1501165,3502165,2842883],[1830,2068,5847,5193],[1116,726,599,548],[1648,822,636,593],[26676,31918,31429,21023],[183,182,181,177],[33.661,15.329,8.397,7.876],[39.028,39.5,42.691,42.248],[24.1,17.09,4.2,7.73]]}}],"label":"Mean Length (bp)","method":"restyle"},{"args":[{"cells":{"align":["left","right"],"fill":{"color":["#F5F5F5",["rgb(243, 232, 238)","rgb(240, 217, 230)","rgb(189, 227, 216)","rgb(226, 239, 235)"],["rgb(240, 217, 230)","rgb(241, 220, 232)","rgb(189, 227, 216)","rgb(207, 233, 225)"],["rgb(189, 227, 216)","rgb(243, 235, 239)","rgb(241, 222, 233)","rgb(240, 217, 230)"],["rgb(189, 227, 216)","rgb(242, 229, 237)","rgb(240, 219, 231)","rgb(240, 217, 230)"],["rgb(243, 244, 244)","rgb(189, 227, 216)","rgb(194, 229, 219)","rgb(240, 217, 230)"],["rgb(189, 227, 216)","rgb(208, 233, 226)","rgb(226, 239, 235)","rgb(240, 217, 230)"],["rgb(189, 227, 216)","rgb(243, 233, 239)","rgb(240, 218, 231)","rgb(240, 217, 230)"],["rgb(240, 217, 230)","rgb(241, 224, 234)","rgb(189, 227, 216)","rgb(203, 231, 223)"],["rgb(189, 227, 216)","rgb(228, 240, 236)","rgb(240, 217, 230)","rgb(242, 227, 235)"]]},"format":[null,",",",",",",",",",",",",".2f"],"height":21,"values":[["GenusA_speciesA_CAP","GenusD_speciesD_CAP","GenusC_speciesC_CAP","GenusB_speciesB_CAP"],[2041738,1501165,3502165,2842883],[1830,2068,5847,5193],[1116,726,599,548],[1648,822,636,593],[26676,31918,31429,21023],[183,182,181,177],[33.661,15.329,8.397,7.876],[39.028,39.5,42.691,42.248],[24.1,17.09,4.2,7.73]]}}],"label":"Contig N50 (bp)","method":"restyle"},{"args":[{"cells":{"align":["left","right"],"fill":{"color":["#F5F5F5",["rgb(240, 217, 230)","rgb(189, 227, 216)","rgb(243, 232, 238)","rgb(226, 239, 235)"],["rgb(241, 220, 232)","rgb(189, 227, 216)","rgb(240, 217, 230)","rgb(207, 233, 225)"],["rgb(243, 235, 239)","rgb(241, 222, 233)","rgb(189, 227, 216)","rgb(240, 217, 230)"],["rgb(242, 229, 237)","rgb(240, 219, 231)","rgb(189, 227, 216)","rgb(240, 217, 230)"],["rgb(189, 227, 216)","rgb(194, 229, 219)","rgb(243, 244, 244)","rgb(240, 217, 230)"],["rgb(208, 233, 226)","rgb(226, 239, 235)","rgb(189, 227, 216)","rgb(240, 217, 230)"],["rgb(243, 233, 239)","rgb(240, 218, 231)","rgb(189, 227, 216)","rgb(240, 217, 230)"],["rgb(241, 224, 234)","rgb(189, 227, 216)","rgb(240, 217, 230)","rgb(203, 231, 223)"],["rgb(228, 240, 236)","rgb(240, 217, 230)","rgb(189, 227, 216)","rgb(242, 227, 235)"]]},"format":[null,",",",",",",",",",",",",".2f"],"height":21,"values":[["GenusD_speciesD_CAP","GenusC_speciesC_CAP","GenusA_speciesA_CAP","GenusB_speciesB_CAP"],[1501165,3502165,2041738,2842883],[2068,5847,1830,5193],[726,599,1116,548],[822,636,1648,593],[31918,31429,26676,21023],[182,181,183,177],[15.329,8.397,33.661,7.876],[39.5,42.691,39.028,42.248],[17.09,4.2,24.1,7.73]]}}],"label":"Longest Contig (bp)","method":"restyle"},{"args":[{"cells":{"align":["left","right"],"fill":{"color":["#F5F5F5",["rgb(243, 232, 238)","rgb(240, 217, 230)","rgb(189, 227, 216)","rgb(226, 239, 235)"],["rgb(240, 217, 230)","rgb(241, 220, 232)","rgb(189, 227, 216)","rgb(207, 233, 225)"],["rgb(189, 227, 216)","rgb(243, 235, 239)","rgb(241, 222, 233)","rgb(240, 217, 230)"],["rgb(189, 227, 216)","rgb(242, 229, 237)","rgb(240, 219, 231)","rgb(240, 217, 230)"],["rgb(243, 244, 244)","rgb(189, 227, 216)","rgb(194, 229, 219)","rgb(240, 217, 230)"],["rgb(189, 227, 216)","rgb(208, 233, 226)","rgb(226, 239, 235)","rgb(240, 217, 230)"],["rgb(189, 227, 216)","rgb(243, 233, 239)","rgb(240, 218, 231)","rgb(240, 217, 230)"],["rgb(240, 217, 230)","rgb(241, 224, 234)","rgb(189, 227, 216)","rgb(203, 231, 223)"],["rgb(189, 227, 216)","rgb(228, 240, 236)","rgb(240, 217, 230)","rgb(242, 227, 235)"]]},"format":[null,",",",",",",",",",",",",".2f"],"height":21,"values":[["GenusA_speciesA_CAP","GenusD_speciesD_CAP","GenusC_speciesC_CAP","GenusB_speciesB_CAP"],[2041738,1501165,3502165,2842883],[1830,2068,5847,5193],[1116,726,599,548],[1648,822,636,593],[26676,31918,31429,21023],[183,182,181,177],[33.661,15.329,8.397,7.876],[39.028,39.5,42.691,42.248],[24.1,17.09,4.2,7.73]]}}],"label":"Shortest Contig (bp)","method":"restyle"},{"args":[{"cells":{"align":["left","right"],"fill":{"color":["#F5F5F5",["rgb(243, 232, 238)","rgb(240, 217, 230)","rgb(189, 227, 216)","rgb(226, 239, 235)"],["rgb(240, 217, 230)","rgb(241, 220, 232)","rgb(189, 227, 216)","rgb(207, 233, 225)"],["rgb(189, 227, 216)","rgb(243, 235, 239)","rgb(241, 222, 233)","rgb(240, 217, 230)"],["rgb(189, 227, 216)","rgb(242, 229, 237)","rgb(240, 219, 231)","rgb(240, 217, 230)"],["rgb(243, 244, 244)","rgb(189, 227, 216)","rgb(194, 229, 219)","rgb(240, 217, 230)"],["rgb(189, 227, 216)","rgb(208, 233, 226)","rgb(226, 239, 235)","rgb(240, 217, 230)"],["rgb(189, 227, 216)","rgb(243, 233, 239)","rgb(240, 218, 231)","rgb(240, 217, 230)"],["rgb(240, 217, 230)","rgb(241, 224, 234)","rgb(189, 227, 216)","rgb(203, 231, 223)"],["rgb(189, 227, 216)","rgb(228, 240, 236)","rgb(240, 217, 230)","rgb(242, 227, 235)"]]},"format":[null,",",",",",",",",",",",",".2f"],"height":21,"values":[["GenusA_speciesA_CAP","GenusD_speciesD_CAP","GenusC_speciesC_CAP","GenusB_speciesB_CAP"],[2041738,1501165,3502165,2842883],[1830,2068,5847,5193],[1116,726,599,548],[1648,822,636,593],[26676,31918,31429,21023],[183,182,181,177],[33.661,15.329,8.397,7.876],[39.028,39.5,42.691,42.248],[24.1,17.09,4.2,7.73]]}}],"label":"\u22651kbp Contig (%)","method":"restyle"},{"args":[{"cells":{"align":["left","right"],"fill":{"color":["#F5F5F5",["rgb(189, 227, 216)","rgb(226, 239, 235)","rgb(240, 217, 230)","rgb(243, 232, 238)"],["rgb(189, 227, 216)","rgb(207, 233, 225)","rgb(241, 220, 232)","rgb(240, 217, 230)"],["rgb(241, 222, 233)","rgb(240, 217, 230)","rgb(243, 235, 239)","rgb(189, 227, 216)"],["rgb(240, 219, 231)","rgb(240, 217, 230)","rgb(242, 229, 237)","rgb(189, 227, 216)"],["rgb(194, 229, 219)","rgb(240, 217, 230)","rgb(189, 227, 216)","rgb(243, 244, 244)"],["rgb(226, 239, 235)","rgb(240, 217, 230)","rgb(208, 233, 226)","rgb(189, 227, 216)"],["rgb(240, 218, 231)","rgb(240, 217, 230)","rgb(243, 233, 239)","rgb(189, 227, 216)"],["rgb(189, 227, 216)","rgb(203, 231, 223)","rgb(241, 224, 234)","rgb(240, 217, 230)"],["rgb(240, 217, 230)","rgb(242, 227, 235)","rgb(228, 240, 236)","rgb(189, 227, 216)"]]},"format":[null,",",",",",",",",",",",",".2f"],"height":21,"values":[["GenusC_speciesC_CAP","GenusB_speciesB_CAP","GenusD_speciesD_CAP","GenusA_speciesA_CAP"],[3502165,2842883,1501165,2041738],[5847,5193,2068,1830],[599,548,726,1116],[636,593,822,1648],[31429,21023,31918,26676],[181,177,182,183],[8.397,7.876,15.329,33.661],[42.691,42.248,39.5,39.028],[4.2,7.73,17.09,24.1]]}}],"label":"GC Content (%)","method":"restyle"},{"args":[{"cells":{"align":["left","right"],"fill":{"color":["#F5F5F5",["rgb(243, 232, 238)","rgb(240, 217, 230)","rgb(226, 239, 235)","rgb(189, 227, 216)"],["rgb(240, 217, 230)","rgb(241, 220, 232)","rgb(207, 233, 225)","rgb(189, 227, 216)"],["rgb(189, 227, 216)","rgb(243, 235, 239)","rgb(240, 217, 230)","rgb(241, 222, 233)"],["rgb(189, 227, 216)","rgb(242, 229, 237)","rgb(240, 217, 230)","rgb(240, 219, 231)"],["rgb(243, 244, 244)","rgb(189, 227, 216)","rgb(240, 217, 230)","rgb(194, 229, 219)"],["rgb(189, 227, 216)","rgb(208, 233, 226)","rgb(240, 217, 230)","rgb(226, 239, 235)"],["rgb(189, 227, 216)","rgb(243, 233, 239)","rgb(240, 217, 230)","rgb(240, 218, 231)"],["rgb(240, 217, 230)","rgb(241, 224, 234)","rgb(203, 231, 223)","rgb(189, 227, 216)"],["rgb(189, 227, 216)","rgb(228, 240, 236)","rgb(242, 227, 235)","rgb(240, 217, 230)"]]},"format":[null,",",",",",",",",",",",",".2f"],"height":21,"values":[["GenusA_speciesA_CAP","GenusD_speciesD_CAP","GenusB_speciesB_CAP","GenusC_speciesC_CAP"],[2041738,1501165,2842883,3502165],[1830,2068,5193,5847],[1116,726,548,599],[1648,822,593,636],[26676,31918,21023,31429],[183,182,177,181],[33.661,15.329,7.876,8.397],[39.028,39.5,42.248,42.691],[24.1,17.09,7.73,4.2]]}}],"label":"Mean Depth (x)","method":"restyle"}],"direction":"down","pad":{"b":10,"t":10},"type":"dropdown","x":1,"xanchor":"right","y":1,"yanchor":"bottom"}]}}