{"data":[{"cells":{"align":["left","right"],"fill":{"color":["#F5F5F5",["rgb(243, 233, 239)","rgb(225, 239, 235)","rgb(189, 227, 216)","rgb(240, 217, 230)"],["rgb(240, 218, 231)","rgb(240, 218, 230)","rgb(189, 227, 216)","rgb(240, 217, 230)"],["rgb(240, 217, 230)","rgb(206, 233, 225)","rgb(189, 227, 216)","rgb(241, 220, 232)"],["rgb(240, 218, 230)","rgb(240, 218, 230)","rgb(189, 227, 216)","rgb(240, 217, 230)"],["rgb(189, 227, 216)","rgb(240, 217, 230)","rgb(241, 222, 233)","rgb(243, 234, 239)"],["rgb(189, 227, 216)","rgb(240, 217, 230)","rgb(240, 219, 231)","rgb(242, 229, 236)"],["rgb(234, 241, 239)","rgb(240, 217, 230)","rgb(189, 227, 216)","rgb(236, 242, 240)"],["rgb(189, 227, 216)","rgb(240, 217, 230)","rgb(211, 234, 228)","rgb(189, 227, 216)"],["rgb(189, 227, 216)","rgb(240, 217, 230)","rgb(240, 219, 231)","rgb(243, 234, 239)"],["rgb(240, 217, 230)","rgb(189, 227, 216)","rgb(193, 228, 218)","rgb(241, 224, 234)"],["rgb(242, 227, 235)","rgb(241, 244, 243)","rgb(240, 217, 230)","rgb(189, 227, 216)"],["rgb(189, 227, 216)","rgb(242, 228, 236)","rgb(240, 217, 230)","rgb(228, 240, 236)"]]},"format":[null,",",",",",",",",",",",",",",",",".2f"],"height":21,"values":[["GenusA_speciesA_CAP","GenusB_speciesB_CAP","GenusC_speciesC_CAP","GenusD_speciesD_CAP"],[2031509,2755423,3352835,1491962],[3758,2842,117039,1736],[1856,4946,5505,2072],[8,8,321,5],[1095,558,610,721],[1616,614,647,827],[26295,21023,29807,26147],[182,177,181,182],[32.489,8.027,8.683,15.299],[38.978,42.099,41.998,39.392],[62.134,63.125,61.647,64.401],[23.82,8.16,4.4,17.03]]},"header":{"values":["<b>Sample</b>","<b>Total Length Passed (bp)</b>","<b>Total Length Removed (bp)</b>","<b>Number of Contigs Passed</b>","<b>Number of Contigs Removed</b>","<b>Mean Length (bp)</b>","<b>Contig N50 (bp)</b>","<b>Longest Contig (bp)</b>","<b>Shortest Contig (bp)</b>","<b>\u22651 kbp Contigs (%)</b>","<b>GC Content Passed (%)</b>","<b>GC Content Removed (%)</b>","<b>Mean Depth (x)</b>"]},"type":"table"}],"layout":{"template":{"data":{"bar":[{"error_x":{"color":"#2a3f5f"},"error_y":{"color":"#2a3f5f"},"marker":{"line":{"color":"#E5ECF6","width":0.5},"pattern":{"fillmode":"overlay","size":10,"solidity":0.2}},"type":"bar"}],"barpolar":[{"marker":{"line":{"color":"#E5ECF6","width":0.5},"pattern":{"fillmode":"overlay","size":10,"solidity":0.2}},"type":"barpolar"}],"carpet":[{"aaxis":{"endlinecolor":"#2a3f5f","gridcolor":"white","linecolor":"white","minorgridcolor":"white","startlinecolor":"#2a3f5f"},"baxis":{"endlinecolor":"#2a3f5f","gridcolor":"white","linecolor":"white","minorgridcolor":"white","startlinecolor":"#2a3f5f"},"type":"carpet"}],"choropleth":[{"colorbar":{"outlinewidth":0,"ticks":""},"type":"choropleth"}],"contour":[{"colorbar":{"outlinewidth":0,"ticks":""},"colorscale":[[0.0,"#0d0887"],[0.1111111111111111,"#46039f"],[0.2222222222222222,"#7201a8"],[0.3333333333333333,"#9c179e"],[0.4444444444444444,"#bd3786"],[0.5555555555555556,"#d8576b"],[0.6666666666666666,"#ed7953"],[0.7777777777777778,"#fb9f3a"],[0.8888888888888888,"#fdca26"],[1.0,"#f0f921"]],"type":"contour"}],"contourcarpet":[{"colorbar":{"outlinewidth":0,"ticks":""},"type":"contourcarpet"}],"heatmap":[{"colorbar":{"outlinewidth":0,"ticks":""},"colorscale":[[0.0,"#0d0887"],[0.1111111111111111,"#46039f"],[0.2222222222222222,"#7201a8"],[0.3333333333333333,"#9c179e"],[0.4444444444444444,"#bd3786"],[0.5555555555555556,"#d8576b"],[0.6666666666666666,"#ed7953"],[0.7777777777777778,"#fb9f3a"],[0.8888888888888888,"#fdca26"],[1.0,"#f0f921"]],"type":"heatmap"}],"heatmapgl":[{"colorbar":{"outlinewidth":0,"ticks":""},"colorscale":[[0.0,"#0d0887"],[0.1111111111111111,"#46039f"],[0.2222222222222222,"#7201a8"],[0.3333333333333333,"#9c179e"],[0.4444444444444444,"#bd3786"],[0.5555555555555556,"#d8576b"],[0.6666666666666666,"#ed7953"],[0.7777777777777778,"#fb9f3a"],[0.8888888888888888,"#fdca26"],[1.0,"#f0f921"]],"type":"heatmapgl"}],"histogram":[{"marker":{"pattern":{"fillmode":"overlay","size":10,"solidity":0.2}},"type":"histogram"}],"histogram2d":[{"colorbar":{"outlinewidth":0,"ticks":""},"colorscale":[[0.0,"#0d0887"],[0.1111111111111111,"#46039f"],[0.2222222222222222,"#7201a8"],[0.3333333333333333,"#9c179e"],[0.4444444444444444,"#bd3786"],[0.5555555555555556,"#d8576b"],[0.6666666666666666,"#ed7953"],[0.7777777777777778,"#fb9f3a"],[0.8888888888888888,"#fdca26"],[1.0,"#f0f921"]],"type":"histogram2d"}],"histogram2dcontour":[{"colorbar":{"outlinewidth":0,"ticks":""},"colorscale":[[0.0,"#0d0887"],[0.1111111111111111,"#46039f"],[0.2222222222222222,"#7201a8"],[0.3333333333333333,"#9c179e"],[0.4444444444444444,"#bd3786"],[0.5555555555555556,"#d8576b"],[0.6666666666666666,"#ed7953"],[0.7777777777777778,"#fb9f3a"],[0.8888888888888888,"#fdca26"],[1.0,"#f0f921"]],"type":"histogram2dcontour"}],"mesh3d":[{"colorbar":{"outlinewidth":0,"ticks":""},"type":"mesh3d"}],"parcoords":[{"line":{"colorbar":{"outlinewidth":0,"ticks":""}},"type":"parcoords"}],"pie":[{"automargin":true,"type":"pie"}],"scatter":[{"marker":{"colorbar":{"outlinewidth":0,"ticks":""}},"type":"scatter"}],"scatter3d":[{"line":{"colorbar":{"outlinewidth":0,"ticks":""}},"marker":{"colorbar":{"outlinewidth":0,"ticks":""}},"type":"scatter3d"}],"scattercarpet":[{"marker":{"colorbar":{"outlinewidth":0,"ticks":""}},"type":"scattercarpet"}],"scattergeo":[{"marker":{"colorbar":{"outlinewidth":0,"ticks":""}},"type":"scattergeo"}],"scattergl":[{"marker":{"colorbar":{"outlinewidth":0,"ticks":""}},"type":"scattergl"}],"scattermapbox":[{"marker":{"colorbar":{"outlinewidth":0,"ticks":""}},"type":"scattermapbox"}],"scatterpolar":[{"marker":{"colorbar":{"outlinewidth":0,"ticks":""}},"type":"scatterpolar"}],"scatterpolargl":[{"marker":{"colorbar":{"outlinewidth":0,"ticks":""}},"type":"scatterpolargl"}],"scatterternary":[{"marker":{"colorbar":{"outlinewidth":0,"ticks":""}},"type":"scatterternary"}],"surface":[{"colorbar":{"outlinewidth":0,"ticks":""},"colorscale":[[0.0,"#0d0887"],[0.1111111111111111,"#46039f"],[0.2222222222222222,"#7201a8"],[0.3333333333333333,"#9c179e"],[0.4444444444444444,"#bd3786"],[0.5555555555555556,"#d8576b"],[0.6666666666666666,"#ed7953"],[0.7777777777777778,"#fb9f3a"],[0.8888888888888888,"#fdca26"],[1.0,"#f0f921"]],"type":"surface"}],"table":[{"cells":{"fill":{"color":"#EBF0F8"},"line":{"color":"white"}},"header":{"fill":{"color":"#C8D4E3"},"line":{"color":"white"}},"type":"table"}]},"layout":{"annotationdefaults":{"arrowcolor":"#2a3f5f","arrowhead":0,"arrowwidth":1},"autotypenumbers":"strict","coloraxis":{"colorbar":{"outlinewidth":0,"ticks":""}},"colorscale":{"diverging":[[0,"#8e0152"],[0.1,"#c51b7d"],[0.2,"#de77ae"],[0.3,"#f1b6da"],[0.4,"#fde0ef"],[0.5,"#f7f7f7"],[0.6,"#e6f5d0"],[0.7,"#b8e186"],[0.8,"#7fbc41"],[0.9,"#4d9221"],[1,"#276419"]],"sequential":[[0.0,"#0d0887"],[0.1111111111111111,"#46039f"],[0.2222222222222222,"#7201a8"],[0.3333333333333333,"#9c179e"],[0.4444444444444444,"#bd3786"],[0.5555555555555556,"#d8576b"],[0.6666666666666666,"#ed7953"],[0.7777777777777778,"#fb9f3a"],[0.8888888888888888,"#fdca26"],[1.0,"#f0f921"]],"sequentialminus":[[0.0,"#0d0887"],[0.1111111111111111,"#46039f"],[0.2222222222222222,"#7201a8"],[0.3333333333333333,"#9c179e"],[0.4444444444444444,"#bd3786"],[0.5555555555555556,"#d8576b"],[0.6666666666666666,"#ed7953"],[0.7777777777777778,"#fb9f3a"],[0.8888888888888888,"#fdca26"],[1.0,"#f0f921"]]},"colorway":["#636efa","#EF553B","#00cc96","#ab63fa","#FFA15A","#19d3f3","#FF6692","#B6E880","#FF97FF","#FECB52"],"font":{"color":"#2a3f5f"},"geo":{"bgcolor":"white","lakecolor":"white","landcolor":"#E5ECF6","showlakes":true,"showland":true,"subunitcolor":"white"},"hoverlabel":{"align":"left"},"hovermode":"closest","mapbox":{"style":"light"},"paper_bgcolor":"white","plot_bgcolor":"#E5ECF6","polar":{"angularaxis":{"gridcolor":"white","linecolor":"white","ticks":""},"bgcolor":"#E5ECF6","radialaxis":{"gridcolor":"white","linecolor":"white","ticks":""}},"scene":{"xaxis":{"backgroundcolor":"#E5ECF6","gridcolor":"white","gridwidth":2,"linecolor":"white","showbackground":true,"ticks":"","zerolinecolor":"white"},"yaxis":{"backgroundcolor":"#E5ECF6","gridcolor":"white","gridwidth":2,"linecolor":"white","showbackground":true,"ticks":"","zerolinecolor":"white"},"zaxis":{"backgroundcolor":"#E5ECF6","gridcolor":"white","gridwidth":2,"linecolor":"white","showbackground":true,"ticks":"","zerolinecolor":"white"}},"shapedefaults":{"line":{"color":"#2a3f5f"}},"ternary":{"aaxis":{"gridcolor":"white","linecolor":"white","ticks":""},"baxis":{"gridcolor":"white","linecolor":"white","ticks":""},"bgcolor":"#E5ECF6","caxis":{"gridcolor":"white","linecolor":"white","ticks":""}},"title":{"x":0.05},"xaxis":{"automargin":true,"gridcolor":"white","linecolor":"white","ticks":"","title":{"standoff":15},"zerolinecolor":"white","zerolinewidth":2},"yaxis":{"automargin":true,"gridcolor":"white","linecolor":"white","ticks":"","title":{"standoff":15},"zerolinecolor":"white","zerolinewidth":2}}},"font":{"family":"Arial"},"margin":{"t":80,"b":0,"l":5,"r":5},"updatemenus":[{"buttons":[{"args":[{"cells":{"values":[["GenusA_speciesA_CAP","GenusB_speciesB_CAP","GenusC_speciesC_CAP","GenusD_speciesD_CAP"],[2031509,2755423,3352835,1491962],[3758,2842,117039,1736],[1856,4946,5505,2072],[8,8,321,5],[1095,558,610,721],[1616,614,647,827],[26295,21023,29807,26147],[182,177,181,182],[32.489,8.027,8.683,15.299],[38.978,42.099,41.998,39.392],[62.134,63.125,61.647,64.401],[23.82,8.16,4.4,17.03]],"fill":{"color":["#F5F5F5",["rgb(243, 233, 239)","rgb(225, 239, 235)","rgb(189, 227, 216)","rgb(240, 217, 230)"],["rgb(240, 218, 231)","rgb(240, 218, 230)","rgb(189, 227, 216)","rgb(240, 217, 230)"],["rgb(240, 217, 230)","rgb(206, 233, 225)","rgb(189, 227, 216)","rgb(241, 220, 232)"],["rgb(240, 218, 230)","rgb(240, 218, 230)","rgb(189, 227, 216)","rgb(240, 217, 230)"],["rgb(189, 227, 216)","rgb(240, 217, 230)","rgb(241, 222, 233)","rgb(243, 234, 239)"],["rgb(189, 227, 216)","rgb(240, 217, 230)","rgb(240, 219, 231)","rgb(242, 229, 236)"],["rgb(234, 241, 239)","rgb(240, 217, 230)","rgb(189, 227, 216)","rgb(236, 242, 240)"],["rgb(189, 227, 216)","rgb(240, 217, 230)","rgb(211, 234, 228)","rgb(189, 227, 216)"],["rgb(189, 227, 216)","rgb(240, 217, 230)","rgb(240, 219, 231)","rgb(243, 234, 239)"],["rgb(240, 217, 230)","rgb(189, 227, 216)","rgb(193, 228, 218)","rgb(241, 224, 234)"],["rgb(242, 227, 235)","rgb(241, 244, 243)","rgb(240, 217, 230)","rgb(189, 227, 216)"],["rgb(189, 227, 216)","rgb(242, 228, 236)","rgb(240, 217, 230)","rgb(228, 240, 236)"]]},"format":[null,",",",",",",",",",",",",",",",",".2f"],"align":["left","right"],"height":21}}],"label":"Sample","method":"restyle"},{"args":[{"cells":{"values":[["GenusC_speciesC_CAP","GenusB_speciesB_CAP","GenusA_speciesA_CAP","GenusD_speciesD_CAP"],[3352835,2755423,2031509,1491962],[117039,2842,3758,1736],[5505,4946,1856,2072],[321,8,8,5],[610,558,1095,721],[647,614,1616,827],[29807,21023,26295,26147],[181,177,182,182],[8.683,8.027,32.489,15.299],[41.998,42.099,38.978,39.392],[61.647,63.125,62.134,64.401],[4.4,8.16,23.82,17.03]],"fill":{"color":["#F5F5F5",["rgb(189, 227, 216)","rgb(225, 239, 235)","rgb(243, 233, 239)","rgb(240, 217, 230)"],["rgb(189, 227, 216)","rgb(240, 218, 230)","rgb(240, 218, 231)","rgb(240, 217, 230)"],["rgb(189, 227, 216)","rgb(206, 233, 225)","rgb(240, 217, 230)","rgb(241, 220, 232)"],["rgb(189, 227, 216)","rgb(240, 218, 230)","rgb(240, 218, 230)","rgb(240, 217, 230)"],["rgb(241, 222, 233)","rgb(240, 217, 230)","rgb(189, 227, 216)","rgb(243, 234, 239)"],["rgb(240, 219, 231)","rgb(240, 217, 230)","rgb(189, 227, 216)","rgb(242, 229, 236)"],["rgb(189, 227, 216)","rgb(240, 217, 230)","rgb(234, 241, 239)","rgb(236, 242, 240)"],["rgb(211, 234, 228)","rgb(240, 217, 230)","rgb(189, 227, 216)","rgb(189, 227, 216)"],["rgb(240, 219, 231)","rgb(240, 217, 230)","rgb(189, 227, 216)","rgb(243, 234, 239)"],["rgb(193, 228, 218)","rgb(189, 227, 216)","rgb(240, 217, 230)","rgb(241, 224, 234)"],["rgb(240, 217, 230)","rgb(241, 244, 243)","rgb(242, 227, 235)","rgb(189, 227, 216)"],["rgb(240, 217, 230)","rgb(242, 228, 236)","rgb(189, 227, 216)","rgb(228, 240, 236)"]]},"format":[null,",",",",",",",",",",",",",",",",".2f"],"align":["left","right"],"height":21}}],"label":"Total Length Passed (bp)","method":"restyle"},{"args":[{"cells":{"values":[["GenusC_speciesC_CAP","GenusA_speciesA_CAP","GenusB_speciesB_CAP","GenusD_speciesD_CAP"],[3352835,2031509,2755423,1491962],[117039,3758,2842,1736],[5505,1856,4946,2072],[321,8,8,5],[610,1095,558,721],[647,1616,614,827],[29807,26295,21023,26147],[181,182,177,182],[8.683,32.489,8.027,15.299],[41.998,38.978,42.099,39.392],[61.647,62.134,63.125,64.401],[4.4,23.82,8.16,17.03]],"fill":{"color":["#F5F5F5",["rgb(189, 227, 216)","rgb(243, 233, 239)","rgb(225, 239, 235)","rgb(240, 217, 230)"],["rgb(189, 227, 216)","rgb(240, 218, 231)","rgb(240, 218, 230)","rgb(240, 217, 230)"],["rgb(189, 227, 216)","rgb(240, 217, 230)","rgb(206, 233, 225)","rgb(241, 220, 232)"],["rgb(189, 227, 216)","rgb(240, 218, 230)","rgb(240, 218, 230)","rgb(240, 217, 230)"],["rgb(241, 222, 233)","rgb(189, 227, 216)","rgb(240, 217, 230)","rgb(243, 234, 239)"],["rgb(240, 219, 231)","rgb(189, 227, 216)","rgb(240, 217, 230)","rgb(242, 229, 236)"],["rgb(189, 227, 216)","rgb(234, 241, 239)","rgb(240, 217, 230)","rgb(236, 242, 240)"],["rgb(211, 234, 228)","rgb(189, 227, 216)","rgb(240, 217, 230)","rgb(189, 227, 216)"],["rgb(240, 219, 231)","rgb(189, 227, 216)","rgb(240, 217, 230)","rgb(243, 234, 239)"],["rgb(193, 228, 218)","rgb(240, 217, 230)","rgb(189, 227, 216)","rgb(241, 224, 234)"],["rgb(240, 217, 230)","rgb(242, 227, 235)","rgb(241, 244, 243)","rgb(189, 227, 216)"],["rgb(240, 217, 230)","rgb(189, 227, 216)","rgb(242, 228, 236)","rgb(228, 240, 236)"]]},"format":[null,",",",",",",",",",",",",",",",",".2f"],"align":["left","right"],"height":21}}],"label":"Total Length Removed (bp)","method":"restyle"},{"args":[{"cells":{"values":[["GenusC_speciesC_CAP","GenusB_speciesB_CAP","GenusD_speciesD_CAP","GenusA_speciesA_CAP"],[3352835,2755423,1491962,2031509],[117039,2842,1736,3758],[5505,4946,2072,1856],[321,8,5,8],[610,558,721,1095],[647,614,827,1616],[29807,21023,26147,26295],[181,177,182,182],[8.683,8.027,15.299,32.489],[41.998,42.099,39.392,38.978],[61.647,63.125,64.401,62.134],[4.4,8.16,17.03,23.82]],"fill":{"color":["#F5F5F5",["rgb(189, 227, 216)","rgb(225, 239, 235)","rgb(240, 217, 230)","rgb(243, 233, 239)"],["rgb(189, 227, 216)","rgb(240, 218, 230)","rgb(240, 217, 230)","rgb(240, 218, 231)"],["rgb(189, 227, 216)","rgb(206, 233, 225)","rgb(241, 220, 232)","rgb(240, 217, 230)"],["rgb(189, 227, 216)","rgb(240, 218, 230)","rgb(240, 217, 230)","rgb(240, 218, 230)"],["rgb(241, 222, 233)","rgb(240, 217, 230)","rgb(243, 234, 239)","rgb(189, 227, 216)"],["rgb(240, 219, 231)","rgb(240, 217, 230)","rgb(242, 229, 236)","rgb(189, 227, 216)"],["rgb(189, 227, 216)","rgb(240, 217, 230)","rgb(236, 242, 240)","rgb(234, 241, 239)"],["rgb(211, 234, 228)","rgb(240, 217, 230)","rgb(189, 227, 216)","rgb(189, 227, 216)"],["rgb(240, 219, 231)","rgb(240, 217, 230)","rgb(243, 234, 239)","rgb(189, 227, 216)"],["rgb(193, 228, 218)","rgb(189, 227, 216)","rgb(241, 224, 234)","rgb(240, 217, 230)"],["rgb(240, 217, 230)","rgb(241, 244, 243)","rgb(189, 227, 216)","rgb(242, 227, 235)"],["rgb(240, 217, 230)","rgb(242, 228, 236)","rgb(228, 240, 236)","rgb(189, 227, 216)"]]},"format":[null,",",",",",",",",",",",",",",",",".2f"],"align":["left","right"],"height":21}}],"label":"Number of Contigs Passed","method":"restyle"},{"args":[{"cells":{"values":[["GenusC_speciesC_CAP","GenusB_speciesB_CAP","GenusA_speciesA_CAP","GenusD_speciesD_CAP"],[3352835,2755423,2031509,1491962],[117039,2842,3758,1736],[5505,4946,1856,2072],[321,8,8,5],[610,558,1095,721],[647,614,1616,827],[29807,21023,26295,26147],[181,177,182,182],[8.683,8.027,32.489,15.299],[41.998,42.099,38.978,39.392],[61.647,63.125,62.134,64.401],[4.4,8.16,23.82,17.03]],"fill":{"color":["#F5F5F5",["rgb(189, 227, 216)","rgb(225, 239, 235)","rgb(243, 233, 239)","rgb(240, 217, 230)"],["rgb(189, 227, 216)","rgb(240, 218, 230)","rgb(240, 218, 231)","rgb(240, 217, 230)"],["rgb(189, 227, 216)","rgb(206, 233, 225)","rgb(240, 217, 230)","rgb(241, 220, 232)"],["rgb(189, 227, 216)","rgb(240, 218, 230)","rgb(240, 218, 230)","rgb(240, 217, 230)"],["rgb(241, 222, 233)","rgb(240, 217, 230)","rgb(189, 227, 216)","rgb(243, 234, 239)"],["rgb(240, 219, 231)","rgb(240, 217, 230)","rgb(189, 227, 216)","rgb(242, 229, 236)"],["rgb(189, 227, 216)","rgb(240, 217, 230)","rgb(234, 241, 239)","rgb(236, 242, 240)"],["rgb(211, 234, 228)","rgb(240, 217, 230)","rgb(189, 227, 216)","rgb(189, 227, 216)"],["rgb(240, 219, 231)","rgb(240, 217, 230)","rgb(189, 227, 216)","rgb(243, 234, 239)"],["rgb(193, 228, 218)","rgb(189, 227, 216)","rgb(240, 217, 230)","rgb(241, 224, 234)"],["rgb(240, 217, 230)","rgb(241, 244, 243)","rgb(242, 227, 235)","rgb(189, 227, 216)"],["rgb(240, 217, 230)","rgb(242, 228, 236)","rgb(189, 227, 216)","rgb(228, 240, 236)"]]},"format":[null,",",",",",",",",",",",",",",",",".2f"],"align":["left","right"],"height":21}}],"label":"Number of Contigs Removed","method":"restyle"},{"args":[{"cells":{"values":[["GenusA_speciesA_CAP","GenusD_speciesD_CAP","GenusC_speciesC_CAP","GenusB_speciesB_CAP"],[2031509,1491962,3352835,2755423],[3758,1736,117039,2842],[1856,2072,5505,4946],[8,5,321,8],[1095,721,610,558],[1616,827,647,614],[26295,26147,29807,21023],[182,182,181,177],[32.489,15.299,8.683,8.027],[38.978,39.392,41.998,42.099],[62.134,64.401,61.647,63.125],[23.82,17.03,4.4,8.16]],"fill":{"color":["#F5F5F5",["rgb(243, 233, 239)","rgb(240, 217, 230)","rgb(189, 227, 216)","rgb(225, 239, 235)"],["rgb(240, 218, 231)","rgb(240, 217, 230)","rgb(189, 227, 216)","rgb(240, 218, 230)"],["rgb(240, 217, 230)","rgb(241, 220, 232)","rgb(189, 227, 216)","rgb(206, 233, 225)"],["rgb(240, 218, 230)","rgb(240, 217, 230)","rgb(189, 227, 216)","rgb(240, 218, 230)"],["rgb(189, 227, 216)","rgb(243, 234, 239)","rgb(241, 222, 233)","rgb(240, 217, 230)"],["rgb(189, 227, 216)","rgb(242, 229, 236)","rgb(240, 219, 231)","rgb(240, 217, 230)"],["rgb(234, 241, 239)","rgb(236, 242, 240)","rgb(189, 227, 216)","rgb(240, 217, 230)"],["rgb(189, 227, 216)","rgb(189, 227, 216)","rgb(211, 234, 228)","rgb(240, 217, 230)"],["rgb(189, 227, 216)","rgb(243, 234, 239)","rgb(240, 219, 231)","rgb(240, 217, 230)"],["rgb(240, 217, 230)","rgb(241, 224, 234)","rgb(193, 228, 218)","rgb(189, 227, 216)"],["rgb(242, 227, 235)","rgb(189, 227, 216)","rgb(240, 217, 230)","rgb(241, 244, 243)"],["rgb(189, 227, 216)","rgb(228, 240, 236)","rgb(240, 217, 230)","rgb(242, 228, 236)"]]},"format":[null,",",",",",",",",",",",",",",",",".2f"],"align":["left","right"],"height":21}}],"label":"Mean Length (bp)","method":"restyle"},{"args":[{"cells":{"values":[["GenusA_speciesA_CAP","GenusD_speciesD_CAP","GenusC_speciesC_CAP","GenusB_speciesB_CAP"],[2031509,1491962,3352835,2755423],[3758,1736,117039,2842],[1856,2072,5505,4946],[8,5,321,8],[1095,721,610,558],[1616,827,647,614],[26295,26147,29807,21023],[182,182,181,177],[32.489,15.299,8.683,8.027],[38.978,39.392,41.998,42.099],[62.134,64.401,61.647,63.125],[23.82,17.03,4.4,8.16]],"fill":{"color":["#F5F5F5",["rgb(243, 233, 239)","rgb(240, 217, 230)","rgb(189, 227, 216)","rgb(225, 239, 235)"],["rgb(240, 218, 231)","rgb(240, 217, 230)","rgb(189, 227, 216)","rgb(240, 218, 230)"],["rgb(240, 217, 230)","rgb(241, 220, 232)","rgb(189, 227, 216)","rgb(206, 233, 225)"],["rgb(240, 218, 230)","rgb(240, 217, 230)","rgb(189, 227, 216)","rgb(240, 218, 230)"],["rgb(189, 227, 216)","rgb(243, 234, 239)","rgb(241, 222, 233)","rgb(240, 217, 230)"],["rgb(189, 227, 216)","rgb(242, 229, 236)","rgb(240, 219, 231)","rgb(240, 217, 230)"],["rgb(234, 241, 239)","rgb(236, 242, 240)","rgb(189, 227, 216)","rgb(240, 217, 230)"],["rgb(189, 227, 216)","rgb(189, 227, 216)","rgb(211, 234, 228)","rgb(240, 217, 230)"],["rgb(189, 227, 216)","rgb(243, 234, 239)","rgb(240, 219, 231)","rgb(240, 217, 230)"],["rgb(240, 217, 230)","rgb(241, 224, 234)","rgb(193, 228, 218)","rgb(189, 227, 216)"],["rgb(242, 227, 235)","rgb(189, 227, 216)","rgb(240, 217, 230)","rgb(241, 244, 243)"],["rgb(189, 227, 216)","rgb(228, 240, 236)","rgb(240, 217, 230)","rgb(242, 228, 236)"]]},"format":[null,",",",",",",",",",",",",",",",",".2f"],"align":["left","right"],"height":21}}],"label":"Contig N50 (bp)","method":"restyle"},{"args":[{"cells":{"values":[["GenusC_speciesC_CAP","GenusA_speciesA_CAP","GenusD_speciesD_CAP","GenusB_speciesB_CAP"],[3352835,2031509,1491962,2755423],[117039,3758,1736,2842],[5505,1856,2072,4946],[321,8,5,8],[610,1095,721,558],[647,1616,827,614],[29807,26295,26147,21023],[181,182,182,177],[8.683,32.489,15.299,8.027],[41.998,38.978,39.392,42.099],[61.647,62.134,64.401,63.125],[4.4,23.82,17.03,8.16]],"fill":{"color":["#F5F5F5",["rgb(189, 227, 216)","rgb(243, 233, 239)","rgb(240, 217, 230)","rgb(225, 239, 235)"],["rgb(189, 227, 216)","rgb(240, 218, 231)","rgb(240, 217, 230)","rgb(240, 218, 230)"],["rgb(189, 227, 216)","rgb(240, 217, 230)","rgb(241, 220, 232)","rgb(206, 233, 225)"],["rgb(189, 227, 216)","rgb(240, 218, 230)","rgb(240, 217, 230)","rgb(240, 218, 230)"],["rgb(241, 222, 233)","rgb(189, 227, 216)","rgb(243, 234, 239)","rgb(240, 217, 230)"],["rgb(240, 219, 231)","rgb(189, 227, 216)","rgb(242, 229, 236)","rgb(240, 217, 230)"],["rgb(189, 227, 216)","rgb(234, 241, 239)","rgb(236, 242, 240)","rgb(240, 217, 230)"],["rgb(211, 234, 228)","rgb(189, 227, 216)","rgb(189, 227, 216)","rgb(240, 217, 230)"],["rgb(240, 219, 231)","rgb(189, 227, 216)","rgb(243, 234, 239)","rgb(240, 217, 230)"],["rgb(193, 228, 218)","rgb(240, 217, 230)","rgb(241, 224, 234)","rgb(189, 227, 216)"],["rgb(240, 217, 230)","rgb(242, 227, 235)","rgb(189, 227, 216)","rgb(241, 244, 243)"],["rgb(240, 217, 230)","rgb(189, 227, 216)","rgb(228, 240, 236)","rgb(242, 228, 236)"]]},"format":[null,",",",",",",",",",",",",",",",",".2f"],"align":["left","right"],"height":21}}],"label":"Longest Contig (bp)","method":"restyle"},{"args":[{"cells":{"values":[["GenusA_speciesA_CAP","GenusD_speciesD_CAP","GenusC_speciesC_CAP","GenusB_speciesB_CAP"],[2031509,1491962,3352835,2755423],[3758,1736,117039,2842],[1856,2072,5505,4946],[8,5,321,8],[1095,721,610,558],[1616,827,647,614],[26295,26147,29807,21023],[182,182,181,177],[32.489,15.299,8.683,8.027],[38.978,39.392,41.998,42.099],[62.134,64.401,61.647,63.125],[23.82,17.03,4.4,8.16]],"fill":{"color":["#F5F5F5",["rgb(243, 233, 239)","rgb(240, 217, 230)","rgb(189, 227, 216)","rgb(225, 239, 235)"],["rgb(240, 218, 231)","rgb(240, 217, 230)","rgb(189, 227, 216)","rgb(240, 218, 230)"],["rgb(240, 217, 230)","rgb(241, 220, 232)","rgb(189, 227, 216)","rgb(206, 233, 225)"],["rgb(240, 218, 230)","rgb(240, 217, 230)","rgb(189, 227, 216)","rgb(240, 218, 230)"],["rgb(189, 227, 216)","rgb(243, 234, 239)","rgb(241, 222, 233)","rgb(240, 217, 230)"],["rgb(189, 227, 216)","rgb(242, 229, 236)","rgb(240, 219, 231)","rgb(240, 217, 230)"],["rgb(234, 241, 239)","rgb(236, 242, 240)","rgb(189, 227, 216)","rgb(240, 217, 230)"],["rgb(189, 227, 216)","rgb(189, 227, 216)","rgb(211, 234, 228)","rgb(240, 217, 230)"],["rgb(189, 227, 216)","rgb(243, 234, 239)","rgb(240, 219, 231)","rgb(240, 217, 230)"],["rgb(240, 217, 230)","rgb(241, 224, 234)","rgb(193, 228, 218)","rgb(189, 227, 216)"],["rgb(242, 227, 235)","rgb(189, 227, 216)","rgb(240, 217, 230)","rgb(241, 244, 243)"],["rgb(189, 227, 216)","rgb(228, 240, 236)","rgb(240, 217, 230)","rgb(242, 228, 236)"]]},"format":[null,",",",",",",",",",",",",",",",",".2f"],"align":["left","right"],"height":21}}],"label":"Shortest Contig (bp)","method":"restyle"},{"args":[{"cells":{"values":[["GenusA_speciesA_CAP","GenusD_speciesD_CAP","GenusC_speciesC_CAP","GenusB_speciesB_CAP"],[2031509,1491962,3352835,2755423],[3758,1736,117039,2842],[1856,2072,5505,4946],[8,5,321,8],[1095,721,610,558],[1616,827,647,614],[26295,26147,29807,21023],[182,182,181,177],[32.489,15.299,8.683,8.027],[38.978,39.392,41.998,42.099],[62.134,64.401,61.647,63.125],[23.82,17.03,4.4,8.16]],"fill":{"color":["#F5F5F5",["rgb(243, 233, 239)","rgb(240, 217, 230)","rgb(189, 227, 216)","rgb(225, 239, 235)"],["rgb(240, 218, 231)","rgb(240, 217, 230)","rgb(189, 227, 216)","rgb(240, 218, 230)"],["rgb(240, 217, 230)","rgb(241, 220, 232)","rgb(189, 227, 216)","rgb(206, 233, 225)"],["rgb(240, 218, 230)","rgb(240, 217, 230)","rgb(189, 227, 216)","rgb(240, 218, 230)"],["rgb(189, 227, 216)","rgb(243, 234, 239)","rgb(241, 222, 233)","rgb(240, 217, 230)"],["rgb(189, 227, 216)","rgb(242, 229, 236)","rgb(240, 219, 231)","rgb(240, 217, 230)"],["rgb(234, 241, 239)","rgb(236, 242, 240)","rgb(189, 227, 216)","rgb(240, 217, 230)"],["rgb(189, 227, 216)","rgb(189, 227, 216)","rgb(211, 234, 228)","rgb(240, 217, 230)"],["rgb(189, 227, 216)","rgb(243, 234, 239)","rgb(240, 219, 231)","rgb(240, 217, 230)"],["rgb(240, 217, 230)","rgb(241, 224, 234)","rgb(193, 228, 218)","rgb(189, 227, 216)"],["rgb(242, 227, 235)","rgb(189, 227, 216)","rgb(240, 217, 230)","rgb(241, 244, 243)"],["rgb(189, 227, 216)","rgb(228, 240, 236)","rgb(240, 217, 230)","rgb(242, 228, 236)"]]},"format":[null,",",",",",",",",",",",",",",",",".2f"],"align":["left","right"],"height":21}}],"label":"\u22651 kbp Contigs (%)","method":"restyle"},{"args":[{"cells":{"values":[["GenusB_speciesB_CAP","GenusC_speciesC_CAP","GenusD_speciesD_CAP","GenusA_speciesA_CAP"],[2755423,3352835,1491962,2031509],[2842,117039,1736,3758],[4946,5505,2072,1856],[8,321,5,8],[558,610,721,1095],[614,647,827,1616],[21023,29807,26147,26295],[177,181,182,182],[8.027,8.683,15.299,32.489],[42.099,41.998,39.392,38.978],[63.125,61.647,64.401,62.134],[8.16,4.4,17.03,23.82]],"fill":{"color":["#F5F5F5",["rgb(225, 239, 235)","rgb(189, 227, 216)","rgb(240, 217, 230)","rgb(243, 233, 239)"],["rgb(240, 218, 230)","rgb(189, 227, 216)","rgb(240, 217, 230)","rgb(240, 218, 231)"],["rgb(206, 233, 225)","rgb(189, 227, 216)","rgb(241, 220, 232)","rgb(240, 217, 230)"],["rgb(240, 218, 230)","rgb(189, 227, 216)","rgb(240, 217, 230)","rgb(240, 218, 230)"],["rgb(240, 217, 230)","rgb(241, 222, 233)","rgb(243, 234, 239)","rgb(189, 227, 216)"],["rgb(240, 217, 230)","rgb(240, 219, 231)","rgb(242, 229, 236)","rgb(189, 227, 216)"],["rgb(240, 217, 230)","rgb(189, 227, 216)","rgb(236, 242, 240)","rgb(234, 241, 239)"],["rgb(240, 217, 230)","rgb(211, 234, 228)","rgb(189, 227, 216)","rgb(189, 227, 216)"],["rgb(240, 217, 230)","rgb(240, 219, 231)","rgb(243, 234, 239)","rgb(189, 227, 216)"],["rgb(189, 227, 216)","rgb(193, 228, 218)","rgb(241, 224, 234)","rgb(240, 217, 230)"],["rgb(241, 244, 243)","rgb(240, 217, 230)","rgb(189, 227, 216)","rgb(242, 227, 235)"],["rgb(242, 228, 236)","rgb(240, 217, 230)","rgb(228, 240, 236)","rgb(189, 227, 216)"]]},"format":[null,",",",",",",",",",",",",",",",",".2f"],"align":["left","right"],"height":21}}],"label":"GC Content Passed (%)","method":"restyle"},{"args":[{"cells":{"values":[["GenusD_speciesD_CAP","GenusB_speciesB_CAP","GenusA_speciesA_CAP","GenusC_speciesC_CAP"],[1491962,2755423,2031509,3352835],[1736,2842,3758,117039],[2072,4946,1856,5505],[5,8,8,321],[721,558,1095,610],[827,614,1616,647],[26147,21023,26295,29807],[182,177,182,181],[15.299,8.027,32.489,8.683],[39.392,42.099,38.978,41.998],[64.401,63.125,62.134,61.647],[17.03,8.16,23.82,4.4]],"fill":{"color":["#F5F5F5",["rgb(240, 217, 230)","rgb(225, 239, 235)","rgb(243, 233, 239)","rgb(189, 227, 216)"],["rgb(240, 217, 230)","rgb(240, 218, 230)","rgb(240, 218, 231)","rgb(189, 227, 216)"],["rgb(241, 220, 232)","rgb(206, 233, 225)","rgb(240, 217, 230)","rgb(189, 227, 216)"],["rgb(240, 217, 230)","rgb(240, 218, 230)","rgb(240, 218, 230)","rgb(189, 227, 216)"],["rgb(243, 234, 239)","rgb(240, 217, 230)","rgb(189, 227, 216)","rgb(241, 222, 233)"],["rgb(242, 229, 236)","rgb(240, 217, 230)","rgb(189, 227, 216)","rgb(240, 219, 231)"],["rgb(236, 242, 240)","rgb(240, 217, 230)","rgb(234, 241, 239)","rgb(189, 227, 216)"],["rgb(189, 227, 216)","rgb(240, 217, 230)","rgb(189, 227, 216)","rgb(211, 234, 228)"],["rgb(243, 234, 239)","rgb(240, 217, 230)","rgb(189, 227, 216)","rgb(240, 219, 231)"],["rgb(241, 224, 234)","rgb(189, 227, 216)","rgb(240, 217, 230)","rgb(193, 228, 218)"],["rgb(189, 227, 216)","rgb(241, 244, 243)","rgb(242, 227, 235)","rgb(240, 217, 230)"],["rgb(228, 240, 236)","rgb(242, 228, 236)","rgb(189, 227, 216)","rgb(240, 217, 230)"]]},"format":[null,",",",",",",",",",",",",",",",",".2f"],"align":["left","right"],"height":21}}],"label":"GC Content Removed (%)","method":"restyle"},{"args":[{"cells":{"values":[["GenusA_speciesA_CAP","GenusD_speciesD_CAP","GenusB_speciesB_CAP","GenusC_speciesC_CAP"],[2031509,1491962,2755423,3352835],[3758,1736,2842,117039],[1856,2072,4946,5505],[8,5,8,321],[1095,721,558,610],[1616,827,614,647],[26295,26147,21023,29807],[182,182,177,181],[32.489,15.299,8.027,8.683],[38.978,39.392,42.099,41.998],[62.134,64.401,63.125,61.647],[23.82,17.03,8.16,4.4]],"fill":{"color":["#F5F5F5",["rgb(243, 233, 239)","rgb(240, 217, 230)","rgb(225, 239, 235)","rgb(189, 227, 216)"],["rgb(240, 218, 231)","rgb(240, 217, 230)","rgb(240, 218, 230)","rgb(189, 227, 216)"],["rgb(240, 217, 230)","rgb(241, 220, 232)","rgb(206, 233, 225)","rgb(189, 227, 216)"],["rgb(240, 218, 230)","rgb(240, 217, 230)","rgb(240, 218, 230)","rgb(189, 227, 216)"],["rgb(189, 227, 216)","rgb(243, 234, 239)","rgb(240, 217, 230)","rgb(241, 222, 233)"],["rgb(189, 227, 216)","rgb(242, 229, 236)","rgb(240, 217, 230)","rgb(240, 219, 231)"],["rgb(234, 241, 239)","rgb(236, 242, 240)","rgb(240, 217, 230)","rgb(189, 227, 216)"],["rgb(189, 227, 216)","rgb(189, 227, 216)","rgb(240, 217, 230)","rgb(211, 234, 228)"],["rgb(189, 227, 216)","rgb(243, 234, 239)","rgb(240, 217, 230)","rgb(240, 219, 231)"],["rgb(240, 217, 230)","rgb(241, 224, 234)","rgb(189, 227, 216)","rgb(193, 228, 218)"],["rgb(242, 227, 235)","rgb(189, 227, 216)","rgb(241, 244, 243)","rgb(240, 217, 230)"],["rgb(189, 227, 216)","rgb(228, 240, 236)","rgb(242, 228, 236)","rgb(240, 217, 230)"]]},"format":[null,",",",",",",",",",",",",",",",",".2f"],"align":["left","right"],"height":21}}],"label":"Mean Depth (x)","method":"restyle"}],"direction":"down","pad":{"b":10,"t":10},"type":"dropdown","x":1,"xanchor":"right","y":1,"yanchor":"bottom"}],"annotations":[{"align":"right","showarrow":false,"text":"<b>Sort by:</b>","x":1,"xanchor":"right","xref":"paper","xshift":-200,"y":1,"yanchor":"top","yref":"paper","yshift":36}]}}