{"data":[{"cells":{"align":["left","right"],"fill":{"color":["#F5F5F5",["rgb(240, 217, 230)","rgb(201, 231, 222)","rgb(189, 227, 216)","rgb(241, 222, 233)"],["rgb(243, 235, 239)","rgb(225, 239, 235)","rgb(189, 227, 216)","rgb(240, 217, 230)"],["rgb(189, 227, 216)","rgb(240, 217, 230)","rgb(244, 237, 241)","rgb(240, 243, 242)"],["rgb(234, 241, 239)","rgb(240, 217, 230)","rgb(189, 227, 216)","rgb(236, 242, 240)"],["rgb(189, 227, 216)","rgb(240, 217, 230)","rgb(241, 220, 232)","rgb(242, 228, 236)"],["rgb(240, 217, 230)","rgb(195, 229, 219)","rgb(189, 227, 216)","rgb(242, 226, 235)"],["rgb(240, 217, 230)","rgb(206, 232, 225)","rgb(189, 227, 216)","rgb(241, 224, 234)"],["rgb(189, 227, 216)","rgb(244, 242, 243)","rgb(240, 217, 230)","rgb(222, 238, 233)"]]},"format":[null,",",",",",",",",",",",",".2f",",.2f"],"height":21,"values":[["GenusA_speciesA_CAP","GenusB_speciesB_CAP","GenusC_speciesC_CAP","GenusD_speciesD_CAP"],[1634,4228,4551,1906],[1969542,2560164,3094325,1453237],[191,180,184,186],[26295,21023,29807,26147],[1691,644,698,853],[277,1104,1150,425],[39.067,42.003,42.52,39.499],[35.4038,21.7981,10.8043,28.0864]]},"header":{"values":["\u003cb\u003eSample\u003c\u002fb\u003e","\u003cb\u003e#Contigs\u003c\u002fb\u003e","\u003cb\u003eTotal Length (bp)\u003c\u002fb\u003e","\u003cb\u003eShortest Contig (bp)\u003c\u002fb\u003e","\u003cb\u003eLongest Contig (bp)\u003c\u002fb\u003e","\u003cb\u003eN50 (bp)\u003c\u002fb\u003e","\u003cb\u003eL50\u003c\u002fb\u003e","\u003cb\u003eGC Content (%)\u003c\u002fb\u003e","\u003cb\u003eMean Depth (x)\u003c\u002fb\u003e"]},"type":"table"}],"layout":{"template":{"data":{"histogram2dcontour":[{"type":"histogram2dcontour","colorbar":{"outlinewidth":0,"ticks":""},"colorscale":[[0.0,"#0d0887"],[0.1111111111111111,"#46039f"],[0.2222222222222222,"#7201a8"],[0.3333333333333333,"#9c179e"],[0.4444444444444444,"#bd3786"],[0.5555555555555556,"#d8576b"],[0.6666666666666666,"#ed7953"],[0.7777777777777778,"#fb9f3a"],[0.8888888888888888,"#fdca26"],[1.0,"#f0f921"]]}],"choropleth":[{"type":"choropleth","colorbar":{"outlinewidth":0,"ticks":""}}],"histogram2d":[{"type":"histogram2d","colorbar":{"outlinewidth":0,"ticks":""},"colorscale":[[0.0,"#0d0887"],[0.1111111111111111,"#46039f"],[0.2222222222222222,"#7201a8"],[0.3333333333333333,"#9c179e"],[0.4444444444444444,"#bd3786"],[0.5555555555555556,"#d8576b"],[0.6666666666666666,"#ed7953"],[0.7777777777777778,"#fb9f3a"],[0.8888888888888888,"#fdca26"],[1.0,"#f0f921"]]}],"heatmap":[{"type":"heatmap","colorbar":{"outlinewidth":0,"ticks":""},"colorscale":[[0.0,"#0d0887"],[0.1111111111111111,"#46039f"],[0.2222222222222222,"#7201a8"],[0.3333333333333333,"#9c179e"],[0.4444444444444444,"#bd3786"],[0.5555555555555556,"#d8576b"],[0.6666666666666666,"#ed7953"],[0.7777777777777778,"#fb9f3a"],[0.8888888888888888,"#fdca26"],[1.0,"#f0f921"]]}],"heatmapgl":[{"type":"heatmapgl","colorbar":{"outlinewidth":0,"ticks":""},"colorscale":[[0.0,"#0d0887"],[0.1111111111111111,"#46039f"],[0.2222222222222222,"#7201a8"],[0.3333333333333333,"#9c179e"],[0.4444444444444444,"#bd3786"],[0.5555555555555556,"#d8576b"],[0.6666666666666666,"#ed7953"],[0.7777777777777778,"#fb9f3a"],[0.8888888888888888,"#fdca26"],[1.0,"#f0f921"]]}],"contourcarpet":[{"type":"contourcarpet","colorbar":{"outlinewidth":0,"ticks":""}}],"contour":[{"type":"contour","colorbar":{"outlinewidth":0,"ticks":""},"colorscale":[[0.0,"#0d0887"],[0.1111111111111111,"#46039f"],[0.2222222222222222,"#7201a8"],[0.3333333333333333,"#9c179e"],[0.4444444444444444,"#bd3786"],[0.5555555555555556,"#d8576b"],[0.6666666666666666,"#ed7953"],[0.7777777777777778,"#fb9f3a"],[0.8888888888888888,"#fdca26"],[1.0,"#f0f921"]]}],"surface":[{"type":"surface","colorbar":{"outlinewidth":0,"ticks":""},"colorscale":[[0.0,"#0d0887"],[0.1111111111111111,"#46039f"],[0.2222222222222222,"#7201a8"],[0.3333333333333333,"#9c179e"],[0.4444444444444444,"#bd3786"],[0.5555555555555556,"#d8576b"],[0.6666666666666666,"#ed7953"],[0.7777777777777778,"#fb9f3a"],[0.8888888888888888,"#fdca26"],[1.0,"#f0f921"]]}],"mesh3d":[{"type":"mesh3d","colorbar":{"outlinewidth":0,"ticks":""}}],"scatter":[{"fillpattern":{"fillmode":"overlay","size":10,"solidity":0.2},"type":"scatter"}],"parcoords":[{"type":"parcoords","line":{"colorbar":{"outlinewidth":0,"ticks":""}}}],"scatterpolargl":[{"type":"scatterpolargl","marker":{"colorbar":{"outlinewidth":0,"ticks":""}}}],"bar":[{"error_x":{"color":"#2a3f5f"},"error_y":{"color":"#2a3f5f"},"marker":{"line":{"color":"#E5ECF6","width":0.5},"pattern":{"fillmode":"overlay","size":10,"solidity":0.2}},"type":"bar"}],"scattergeo":[{"type":"scattergeo","marker":{"colorbar":{"outlinewidth":0,"ticks":""}}}],"scatterpolar":[{"type":"scatterpolar","marker":{"colorbar":{"outlinewidth":0,"ticks":""}}}],"histogram":[{"marker":{"pattern":{"fillmode":"overlay","size":10,"solidity":0.2}},"type":"histogram"}],"scattergl":[{"type":"scattergl","marker":{"colorbar":{"outlinewidth":0,"ticks":""}}}],"scatter3d":[{"type":"scatter3d","line":{"colorbar":{"outlinewidth":0,"ticks":""}},"marker":{"colorbar":{"outlinewidth":0,"ticks":""}}}],"scattermapbox":[{"type":"scattermapbox","marker":{"colorbar":{"outlinewidth":0,"ticks":""}}}],"scatterternary":[{"type":"scatterternary","marker":{"colorbar":{"outlinewidth":0,"ticks":""}}}],"scattercarpet":[{"type":"scattercarpet","marker":{"colorbar":{"outlinewidth":0,"ticks":""}}}],"carpet":[{"aaxis":{"endlinecolor":"#2a3f5f","gridcolor":"white","linecolor":"white","minorgridcolor":"white","startlinecolor":"#2a3f5f"},"baxis":{"endlinecolor":"#2a3f5f","gridcolor":"white","linecolor":"white","minorgridcolor":"white","startlinecolor":"#2a3f5f"},"type":"carpet"}],"table":[{"cells":{"fill":{"color":"#EBF0F8"},"line":{"color":"white"}},"header":{"fill":{"color":"#C8D4E3"},"line":{"color":"white"}},"type":"table"}],"barpolar":[{"marker":{"line":{"color":"#E5ECF6","width":0.5},"pattern":{"fillmode":"overlay","size":10,"solidity":0.2}},"type":"barpolar"}],"pie":[{"automargin":true,"type":"pie"}]},"layout":{"autotypenumbers":"strict","colorway":["#636efa","#EF553B","#00cc96","#ab63fa","#FFA15A","#19d3f3","#FF6692","#B6E880","#FF97FF","#FECB52"],"font":{"color":"#2a3f5f"},"hovermode":"closest","hoverlabel":{"align":"left"},"paper_bgcolor":"white","plot_bgcolor":"#E5ECF6","polar":{"bgcolor":"#E5ECF6","angularaxis":{"gridcolor":"white","linecolor":"white","ticks":""},"radialaxis":{"gridcolor":"white","linecolor":"white","ticks":""}},"ternary":{"bgcolor":"#E5ECF6","aaxis":{"gridcolor":"white","linecolor":"white","ticks":""},"baxis":{"gridcolor":"white","linecolor":"white","ticks":""},"caxis":{"gridcolor":"white","linecolor":"white","ticks":""}},"coloraxis":{"colorbar":{"outlinewidth":0,"ticks":""}},"colorscale":{"sequential":[[0.0,"#0d0887"],[0.1111111111111111,"#46039f"],[0.2222222222222222,"#7201a8"],[0.3333333333333333,"#9c179e"],[0.4444444444444444,"#bd3786"],[0.5555555555555556,"#d8576b"],[0.6666666666666666,"#ed7953"],[0.7777777777777778,"#fb9f3a"],[0.8888888888888888,"#fdca26"],[1.0,"#f0f921"]],"sequentialminus":[[0.0,"#0d0887"],[0.1111111111111111,"#46039f"],[0.2222222222222222,"#7201a8"],[0.3333333333333333,"#9c179e"],[0.4444444444444444,"#bd3786"],[0.5555555555555556,"#d8576b"],[0.6666666666666666,"#ed7953"],[0.7777777777777778,"#fb9f3a"],[0.8888888888888888,"#fdca26"],[1.0,"#f0f921"]],"diverging":[[0,"#8e0152"],[0.1,"#c51b7d"],[0.2,"#de77ae"],[0.3,"#f1b6da"],[0.4,"#fde0ef"],[0.5,"#f7f7f7"],[0.6,"#e6f5d0"],[0.7,"#b8e186"],[0.8,"#7fbc41"],[0.9,"#4d9221"],[1,"#276419"]]},"xaxis":{"gridcolor":"white","linecolor":"white","ticks":"","title":{"standoff":15},"zerolinecolor":"white","automargin":true,"zerolinewidth":2},"yaxis":{"gridcolor":"white","linecolor":"white","ticks":"","title":{"standoff":15},"zerolinecolor":"white","automargin":true,"zerolinewidth":2},"scene":{"xaxis":{"backgroundcolor":"#E5ECF6","gridcolor":"white","linecolor":"white","showbackground":true,"ticks":"","zerolinecolor":"white","gridwidth":2},"yaxis":{"backgroundcolor":"#E5ECF6","gridcolor":"white","linecolor":"white","showbackground":true,"ticks":"","zerolinecolor":"white","gridwidth":2},"zaxis":{"backgroundcolor":"#E5ECF6","gridcolor":"white","linecolor":"white","showbackground":true,"ticks":"","zerolinecolor":"white","gridwidth":2}},"shapedefaults":{"line":{"color":"#2a3f5f"}},"annotationdefaults":{"arrowcolor":"#2a3f5f","arrowhead":0,"arrowwidth":1},"geo":{"bgcolor":"white","landcolor":"#E5ECF6","subunitcolor":"white","showland":true,"showlakes":true,"lakecolor":"white"},"title":{"x":0.05},"mapbox":{"style":"light"}}},"font":{"family":"Arial"},"margin":{"t":80,"b":0,"l":5,"r":5},"height":230,"updatemenus":[{"buttons":[{"args":[{"cells":{"values":[["GenusA_speciesA_CAP","GenusB_speciesB_CAP","GenusC_speciesC_CAP","GenusD_speciesD_CAP"],[1634,4228,4551,1906],[1969542,2560164,3094325,1453237],[191,180,184,186],[26295,21023,29807,26147],[1691,644,698,853],[277,1104,1150,425],[39.067,42.003,42.52,39.499],[35.4038,21.7981,10.8043,28.0864]],"fill":{"color":["#F5F5F5",["rgb(240, 217, 230)","rgb(201, 231, 222)","rgb(189, 227, 216)","rgb(241, 222, 233)"],["rgb(243, 235, 239)","rgb(225, 239, 235)","rgb(189, 227, 216)","rgb(240, 217, 230)"],["rgb(189, 227, 216)","rgb(240, 217, 230)","rgb(244, 237, 241)","rgb(240, 243, 242)"],["rgb(234, 241, 239)","rgb(240, 217, 230)","rgb(189, 227, 216)","rgb(236, 242, 240)"],["rgb(189, 227, 216)","rgb(240, 217, 230)","rgb(241, 220, 232)","rgb(242, 228, 236)"],["rgb(240, 217, 230)","rgb(195, 229, 219)","rgb(189, 227, 216)","rgb(242, 226, 235)"],["rgb(240, 217, 230)","rgb(206, 232, 225)","rgb(189, 227, 216)","rgb(241, 224, 234)"],["rgb(189, 227, 216)","rgb(244, 242, 243)","rgb(240, 217, 230)","rgb(222, 238, 233)"]]},"format":[null,",",",",",",",",",",",",".2f",",.2f"],"align":["left","right"],"height":21}}],"label":"Sample","method":"restyle"},{"args":[{"cells":{"values":[["GenusC_speciesC_CAP","GenusB_speciesB_CAP","GenusD_speciesD_CAP","GenusA_speciesA_CAP"],[4551,4228,1906,1634],[3094325,2560164,1453237,1969542],[184,180,186,191],[29807,21023,26147,26295],[698,644,853,1691],[1150,1104,425,277],[42.52,42.003,39.499,39.067],[10.8043,21.7981,28.0864,35.4038]],"fill":{"color":["#F5F5F5",["rgb(189, 227, 216)","rgb(201, 231, 222)","rgb(241, 222, 233)","rgb(240, 217, 230)"],["rgb(189, 227, 216)","rgb(225, 239, 235)","rgb(240, 217, 230)","rgb(243, 235, 239)"],["rgb(244, 237, 241)","rgb(240, 217, 230)","rgb(240, 243, 242)","rgb(189, 227, 216)"],["rgb(189, 227, 216)","rgb(240, 217, 230)","rgb(236, 242, 240)","rgb(234, 241, 239)"],["rgb(241, 220, 232)","rgb(240, 217, 230)","rgb(242, 228, 236)","rgb(189, 227, 216)"],["rgb(189, 227, 216)","rgb(195, 229, 219)","rgb(242, 226, 235)","rgb(240, 217, 230)"],["rgb(189, 227, 216)","rgb(206, 232, 225)","rgb(241, 224, 234)","rgb(240, 217, 230)"],["rgb(240, 217, 230)","rgb(244, 242, 243)","rgb(222, 238, 233)","rgb(189, 227, 216)"]]},"format":[null,",",",",",",",",",",",",".2f",",.2f"],"align":["left","right"],"height":21}}],"label":"#Contigs","method":"restyle"},{"args":[{"cells":{"values":[["GenusC_speciesC_CAP","GenusB_speciesB_CAP","GenusA_speciesA_CAP","GenusD_speciesD_CAP"],[4551,4228,1634,1906],[3094325,2560164,1969542,1453237],[184,180,191,186],[29807,21023,26295,26147],[698,644,1691,853],[1150,1104,277,425],[42.52,42.003,39.067,39.499],[10.8043,21.7981,35.4038,28.0864]],"fill":{"color":["#F5F5F5",["rgb(189, 227, 216)","rgb(201, 231, 222)","rgb(240, 217, 230)","rgb(241, 222, 233)"],["rgb(189, 227, 216)","rgb(225, 239, 235)","rgb(243, 235, 239)","rgb(240, 217, 230)"],["rgb(244, 237, 241)","rgb(240, 217, 230)","rgb(189, 227, 216)","rgb(240, 243, 242)"],["rgb(189, 227, 216)","rgb(240, 217, 230)","rgb(234, 241, 239)","rgb(236, 242, 240)"],["rgb(241, 220, 232)","rgb(240, 217, 230)","rgb(189, 227, 216)","rgb(242, 228, 236)"],["rgb(189, 227, 216)","rgb(195, 229, 219)","rgb(240, 217, 230)","rgb(242, 226, 235)"],["rgb(189, 227, 216)","rgb(206, 232, 225)","rgb(240, 217, 230)","rgb(241, 224, 234)"],["rgb(240, 217, 230)","rgb(244, 242, 243)","rgb(189, 227, 216)","rgb(222, 238, 233)"]]},"format":[null,",",",",",",",",",",",",".2f",",.2f"],"align":["left","right"],"height":21}}],"label":"Total Length (bp)","method":"restyle"},{"args":[{"cells":{"values":[["GenusA_speciesA_CAP","GenusD_speciesD_CAP","GenusC_speciesC_CAP","GenusB_speciesB_CAP"],[1634,1906,4551,4228],[1969542,1453237,3094325,2560164],[191,186,184,180],[26295,26147,29807,21023],[1691,853,698,644],[277,425,1150,1104],[39.067,39.499,42.52,42.003],[35.4038,28.0864,10.8043,21.7981]],"fill":{"color":["#F5F5F5",["rgb(240, 217, 230)","rgb(241, 222, 233)","rgb(189, 227, 216)","rgb(201, 231, 222)"],["rgb(243, 235, 239)","rgb(240, 217, 230)","rgb(189, 227, 216)","rgb(225, 239, 235)"],["rgb(189, 227, 216)","rgb(240, 243, 242)","rgb(244, 237, 241)","rgb(240, 217, 230)"],["rgb(234, 241, 239)","rgb(236, 242, 240)","rgb(189, 227, 216)","rgb(240, 217, 230)"],["rgb(189, 227, 216)","rgb(242, 228, 236)","rgb(241, 220, 232)","rgb(240, 217, 230)"],["rgb(240, 217, 230)","rgb(242, 226, 235)","rgb(189, 227, 216)","rgb(195, 229, 219)"],["rgb(240, 217, 230)","rgb(241, 224, 234)","rgb(189, 227, 216)","rgb(206, 232, 225)"],["rgb(189, 227, 216)","rgb(222, 238, 233)","rgb(240, 217, 230)","rgb(244, 242, 243)"]]},"format":[null,",",",",",",",",",",",",".2f",",.2f"],"align":["left","right"],"height":21}}],"label":"Shortest Contig (bp)","method":"restyle"},{"args":[{"cells":{"values":[["GenusC_speciesC_CAP","GenusA_speciesA_CAP","GenusD_speciesD_CAP","GenusB_speciesB_CAP"],[4551,1634,1906,4228],[3094325,1969542,1453237,2560164],[184,191,186,180],[29807,26295,26147,21023],[698,1691,853,644],[1150,277,425,1104],[42.52,39.067,39.499,42.003],[10.8043,35.4038,28.0864,21.7981]],"fill":{"color":["#F5F5F5",["rgb(189, 227, 216)","rgb(240, 217, 230)","rgb(241, 222, 233)","rgb(201, 231, 222)"],["rgb(189, 227, 216)","rgb(243, 235, 239)","rgb(240, 217, 230)","rgb(225, 239, 235)"],["rgb(244, 237, 241)","rgb(189, 227, 216)","rgb(240, 243, 242)","rgb(240, 217, 230)"],["rgb(189, 227, 216)","rgb(234, 241, 239)","rgb(236, 242, 240)","rgb(240, 217, 230)"],["rgb(241, 220, 232)","rgb(189, 227, 216)","rgb(242, 228, 236)","rgb(240, 217, 230)"],["rgb(189, 227, 216)","rgb(240, 217, 230)","rgb(242, 226, 235)","rgb(195, 229, 219)"],["rgb(189, 227, 216)","rgb(240, 217, 230)","rgb(241, 224, 234)","rgb(206, 232, 225)"],["rgb(240, 217, 230)","rgb(189, 227, 216)","rgb(222, 238, 233)","rgb(244, 242, 243)"]]},"format":[null,",",",",",",",",",",",",".2f",",.2f"],"align":["left","right"],"height":21}}],"label":"Longest Contig (bp)","method":"restyle"},{"args":[{"cells":{"values":[["GenusA_speciesA_CAP","GenusD_speciesD_CAP","GenusC_speciesC_CAP","GenusB_speciesB_CAP"],[1634,1906,4551,4228],[1969542,1453237,3094325,2560164],[191,186,184,180],[26295,26147,29807,21023],[1691,853,698,644],[277,425,1150,1104],[39.067,39.499,42.52,42.003],[35.4038,28.0864,10.8043,21.7981]],"fill":{"color":["#F5F5F5",["rgb(240, 217, 230)","rgb(241, 222, 233)","rgb(189, 227, 216)","rgb(201, 231, 222)"],["rgb(243, 235, 239)","rgb(240, 217, 230)","rgb(189, 227, 216)","rgb(225, 239, 235)"],["rgb(189, 227, 216)","rgb(240, 243, 242)","rgb(244, 237, 241)","rgb(240, 217, 230)"],["rgb(234, 241, 239)","rgb(236, 242, 240)","rgb(189, 227, 216)","rgb(240, 217, 230)"],["rgb(189, 227, 216)","rgb(242, 228, 236)","rgb(241, 220, 232)","rgb(240, 217, 230)"],["rgb(240, 217, 230)","rgb(242, 226, 235)","rgb(189, 227, 216)","rgb(195, 229, 219)"],["rgb(240, 217, 230)","rgb(241, 224, 234)","rgb(189, 227, 216)","rgb(206, 232, 225)"],["rgb(189, 227, 216)","rgb(222, 238, 233)","rgb(240, 217, 230)","rgb(244, 242, 243)"]]},"format":[null,",",",",",",",",",",",",".2f",",.2f"],"align":["left","right"],"height":21}}],"label":"N50 (bp)","method":"restyle"},{"args":[{"cells":{"values":[["GenusC_speciesC_CAP","GenusB_speciesB_CAP","GenusD_speciesD_CAP","GenusA_speciesA_CAP"],[4551,4228,1906,1634],[3094325,2560164,1453237,1969542],[184,180,186,191],[29807,21023,26147,26295],[698,644,853,1691],[1150,1104,425,277],[42.52,42.003,39.499,39.067],[10.8043,21.7981,28.0864,35.4038]],"fill":{"color":["#F5F5F5",["rgb(189, 227, 216)","rgb(201, 231, 222)","rgb(241, 222, 233)","rgb(240, 217, 230)"],["rgb(189, 227, 216)","rgb(225, 239, 235)","rgb(240, 217, 230)","rgb(243, 235, 239)"],["rgb(244, 237, 241)","rgb(240, 217, 230)","rgb(240, 243, 242)","rgb(189, 227, 216)"],["rgb(189, 227, 216)","rgb(240, 217, 230)","rgb(236, 242, 240)","rgb(234, 241, 239)"],["rgb(241, 220, 232)","rgb(240, 217, 230)","rgb(242, 228, 236)","rgb(189, 227, 216)"],["rgb(189, 227, 216)","rgb(195, 229, 219)","rgb(242, 226, 235)","rgb(240, 217, 230)"],["rgb(189, 227, 216)","rgb(206, 232, 225)","rgb(241, 224, 234)","rgb(240, 217, 230)"],["rgb(240, 217, 230)","rgb(244, 242, 243)","rgb(222, 238, 233)","rgb(189, 227, 216)"]]},"format":[null,",",",",",",",",",",",",".2f",",.2f"],"align":["left","right"],"height":21}}],"label":"L50","method":"restyle"},{"args":[{"cells":{"values":[["GenusC_speciesC_CAP","GenusB_speciesB_CAP","GenusD_speciesD_CAP","GenusA_speciesA_CAP"],[4551,4228,1906,1634],[3094325,2560164,1453237,1969542],[184,180,186,191],[29807,21023,26147,26295],[698,644,853,1691],[1150,1104,425,277],[42.52,42.003,39.499,39.067],[10.8043,21.7981,28.0864,35.4038]],"fill":{"color":["#F5F5F5",["rgb(189, 227, 216)","rgb(201, 231, 222)","rgb(241, 222, 233)","rgb(240, 217, 230)"],["rgb(189, 227, 216)","rgb(225, 239, 235)","rgb(240, 217, 230)","rgb(243, 235, 239)"],["rgb(244, 237, 241)","rgb(240, 217, 230)","rgb(240, 243, 242)","rgb(189, 227, 216)"],["rgb(189, 227, 216)","rgb(240, 217, 230)","rgb(236, 242, 240)","rgb(234, 241, 239)"],["rgb(241, 220, 232)","rgb(240, 217, 230)","rgb(242, 228, 236)","rgb(189, 227, 216)"],["rgb(189, 227, 216)","rgb(195, 229, 219)","rgb(242, 226, 235)","rgb(240, 217, 230)"],["rgb(189, 227, 216)","rgb(206, 232, 225)","rgb(241, 224, 234)","rgb(240, 217, 230)"],["rgb(240, 217, 230)","rgb(244, 242, 243)","rgb(222, 238, 233)","rgb(189, 227, 216)"]]},"format":[null,",",",",",",",",",",",",".2f",",.2f"],"align":["left","right"],"height":21}}],"label":"GC Content (%)","method":"restyle"},{"args":[{"cells":{"values":[["GenusA_speciesA_CAP","GenusD_speciesD_CAP","GenusB_speciesB_CAP","GenusC_speciesC_CAP"],[1634,1906,4228,4551],[1969542,1453237,2560164,3094325],[191,186,180,184],[26295,26147,21023,29807],[1691,853,644,698],[277,425,1104,1150],[39.067,39.499,42.003,42.52],[35.4038,28.0864,21.7981,10.8043]],"fill":{"color":["#F5F5F5",["rgb(240, 217, 230)","rgb(241, 222, 233)","rgb(201, 231, 222)","rgb(189, 227, 216)"],["rgb(243, 235, 239)","rgb(240, 217, 230)","rgb(225, 239, 235)","rgb(189, 227, 216)"],["rgb(189, 227, 216)","rgb(240, 243, 242)","rgb(240, 217, 230)","rgb(244, 237, 241)"],["rgb(234, 241, 239)","rgb(236, 242, 240)","rgb(240, 217, 230)","rgb(189, 227, 216)"],["rgb(189, 227, 216)","rgb(242, 228, 236)","rgb(240, 217, 230)","rgb(241, 220, 232)"],["rgb(240, 217, 230)","rgb(242, 226, 235)","rgb(195, 229, 219)","rgb(189, 227, 216)"],["rgb(240, 217, 230)","rgb(241, 224, 234)","rgb(206, 232, 225)","rgb(189, 227, 216)"],["rgb(189, 227, 216)","rgb(222, 238, 233)","rgb(244, 242, 243)","rgb(240, 217, 230)"]]},"format":[null,",",",",",",",",",",",",".2f",",.2f"],"align":["left","right"],"height":21}}],"label":"Mean Depth (x)","method":"restyle"}],"direction":"down","pad":{"b":10,"t":10},"type":"dropdown","x":1,"xanchor":"right","y":1,"yanchor":"bottom"}],"annotations":[{"align":"right","showarrow":false,"text":"\u003cb\u003eSort by:\u003c\u002fb\u003e","x":1,"xanchor":"right","xref":"paper","xshift":-155,"y":1,"yanchor":"top","yref":"paper","yshift":36}]}}