{"data":[{"cells":{"align":["left","right"],"fill":{"color":["#F5F5F5",["rgb(189, 227, 216)","rgb(233, 241, 239)","rgb(240, 217, 230)","rgb(241, 222, 233)"],["rgb(189, 227, 216)","rgb(233, 241, 239)","rgb(240, 217, 230)","rgb(241, 222, 233)"],["rgb(189, 227, 216)","rgb(230, 240, 237)","rgb(240, 217, 230)","rgb(241, 223, 233)"],["rgb(245, 243, 244)","rgb(189, 227, 216)","rgb(240, 217, 230)","rgb(189, 227, 216)"],["rgb(189, 227, 216)","rgb(236, 242, 241)","rgb(240, 217, 230)","rgb(241, 224, 234)"],["rgb(215, 235, 229)","rgb(240, 217, 230)","rgb(243, 233, 239)","rgb(189, 227, 216)"],["rgb(189, 227, 216)","rgb(240, 217, 230)","rgb(212, 234, 228)","rgb(196, 229, 220)"],["rgb(245, 245, 245)"],["rgb(240, 243, 242)","rgb(198, 230, 221)","rgb(240, 217, 230)","rgb(189, 227, 216)"],["rgb(240, 217, 230)","rgb(240, 243, 242)","rgb(189, 227, 216)","rgb(242, 230, 237)"]]},"format":[null,",",",",",",".2f",",",".2f"],"height":21,"values":[["GenusA_speciesA_CAP","GenusB_speciesB_CAP","GenusC_speciesC_CAP","GenusD_speciesD_CAP"],[733778,597254,383160,416650],[110800478,90185354,57857160,62914150],[720370,591754,373204,412806],[98.17274434501988,99.07911876688979,97.40160768347427,99.07740309612385],[107339622,85322802,55240084,61380472],[96.87649722955166,94.60826865524085,95.47666010568095,97.56226858345856],[98.67962628108604,95.4875960068157,98.0237004053888,98.4707567363314],[100.0,100.0,100.0,100.0],[96.79539680997266,97.5231261639127,95.71869540519394,97.6805085197405],[41.04240729538947,42.32507916867205,43.3909578314221,41.59266268091464]]},"header":{"values":["<b>Sample</b>","<b>Input Reads</b>","<b>Input Bases</b>","<b>Output Reads</b>","<b>Output Reads%</b>","<b>Output Bases</b>","<b>Output Bases%</b>","<b>Mean Read Length%</b>","<b>\u2265Q20 Reads%</b>","<b>\u2265Q30 Reads%</b>","<b>GC%</b>"]},"type":"table"}],"layout":{"annotations":[{"align":"right","showarrow":false,"text":"<b>Sort by:</b>","x":1,"xanchor":"right","xref":"paper","xshift":-160,"y":1,"yanchor":"top","yref":"paper","yshift":36}],"font":{"family":"Arial"},"margin":{"b":0,"l":1,"r":1,"t":80},"template":{"data":{"bar":[{"error_x":{"color":"#2a3f5f"},"error_y":{"color":"#2a3f5f"},"marker":{"line":{"color":"#E5ECF6","width":0.5},"pattern":{"fillmode":"overlay","size":10,"solidity":0.2}},"type":"bar"}],"barpolar":[{"marker":{"line":{"color":"#E5ECF6","width":0.5},"pattern":{"fillmode":"overlay","size":10,"solidity":0.2}},"type":"barpolar"}],"carpet":[{"aaxis":{"endlinecolor":"#2a3f5f","gridcolor":"white","linecolor":"white","minorgridcolor":"white","startlinecolor":"#2a3f5f"},"baxis":{"endlinecolor":"#2a3f5f","gridcolor":"white","linecolor":"white","minorgridcolor":"white","startlinecolor":"#2a3f5f"},"type":"carpet"}],"choropleth":[{"colorbar":{"outlinewidth":0,"ticks":""},"type":"choropleth"}],"contour":[{"colorbar":{"outlinewidth":0,"ticks":""},"colorscale":[[0.0,"#0d0887"],[0.1111111111111111,"#46039f"],[0.2222222222222222,"#7201a8"],[0.3333333333333333,"#9c179e"],[0.4444444444444444,"#bd3786"],[0.5555555555555556,"#d8576b"],[0.6666666666666666,"#ed7953"],[0.7777777777777778,"#fb9f3a"],[0.8888888888888888,"#fdca26"],[1.0,"#f0f921"]],"type":"contour"}],"contourcarpet":[{"colorbar":{"outlinewidth":0,"ticks":""},"type":"contourcarpet"}],"heatmap":[{"colorbar":{"outlinewidth":0,"ticks":""},"colorscale":[[0.0,"#0d0887"],[0.1111111111111111,"#46039f"],[0.2222222222222222,"#7201a8"],[0.3333333333333333,"#9c179e"],[0.4444444444444444,"#bd3786"],[0.5555555555555556,"#d8576b"],[0.6666666666666666,"#ed7953"],[0.7777777777777778,"#fb9f3a"],[0.8888888888888888,"#fdca26"],[1.0,"#f0f921"]],"type":"heatmap"}],"heatmapgl":[{"colorbar":{"outlinewidth":0,"ticks":""},"colorscale":[[0.0,"#0d0887"],[0.1111111111111111,"#46039f"],[0.2222222222222222,"#7201a8"],[0.3333333333333333,"#9c179e"],[0.4444444444444444,"#bd3786"],[0.5555555555555556,"#d8576b"],[0.6666666666666666,"#ed7953"],[0.7777777777777778,"#fb9f3a"],[0.8888888888888888,"#fdca26"],[1.0,"#f0f921"]],"type":"heatmapgl"}],"histogram":[{"marker":{"pattern":{"fillmode":"overlay","size":10,"solidity":0.2}},"type":"histogram"}],"histogram2d":[{"colorbar":{"outlinewidth":0,"ticks":""},"colorscale":[[0.0,"#0d0887"],[0.1111111111111111,"#46039f"],[0.2222222222222222,"#7201a8"],[0.3333333333333333,"#9c179e"],[0.4444444444444444,"#bd3786"],[0.5555555555555556,"#d8576b"],[0.6666666666666666,"#ed7953"],[0.7777777777777778,"#fb9f3a"],[0.8888888888888888,"#fdca26"],[1.0,"#f0f921"]],"type":"histogram2d"}],"histogram2dcontour":[{"colorbar":{"outlinewidth":0,"ticks":""},"colorscale":[[0.0,"#0d0887"],[0.1111111111111111,"#46039f"],[0.2222222222222222,"#7201a8"],[0.3333333333333333,"#9c179e"],[0.4444444444444444,"#bd3786"],[0.5555555555555556,"#d8576b"],[0.6666666666666666,"#ed7953"],[0.7777777777777778,"#fb9f3a"],[0.8888888888888888,"#fdca26"],[1.0,"#f0f921"]],"type":"histogram2dcontour"}],"mesh3d":[{"colorbar":{"outlinewidth":0,"ticks":""},"type":"mesh3d"}],"parcoords":[{"line":{"colorbar":{"outlinewidth":0,"ticks":""}},"type":"parcoords"}],"pie":[{"automargin":true,"type":"pie"}],"scatter":[{"marker":{"colorbar":{"outlinewidth":0,"ticks":""}},"type":"scatter"}],"scatter3d":[{"line":{"colorbar":{"outlinewidth":0,"ticks":""}},"marker":{"colorbar":{"outlinewidth":0,"ticks":""}},"type":"scatter3d"}],"scattercarpet":[{"marker":{"colorbar":{"outlinewidth":0,"ticks":""}},"type":"scattercarpet"}],"scattergeo":[{"marker":{"colorbar":{"outlinewidth":0,"ticks":""}},"type":"scattergeo"}],"scattergl":[{"marker":{"colorbar":{"outlinewidth":0,"ticks":""}},"type":"scattergl"}],"scattermapbox":[{"marker":{"colorbar":{"outlinewidth":0,"ticks":""}},"type":"scattermapbox"}],"scatterpolar":[{"marker":{"colorbar":{"outlinewidth":0,"ticks":""}},"type":"scatterpolar"}],"scatterpolargl":[{"marker":{"colorbar":{"outlinewidth":0,"ticks":""}},"type":"scatterpolargl"}],"scatterternary":[{"marker":{"colorbar":{"outlinewidth":0,"ticks":""}},"type":"scatterternary"}],"surface":[{"colorbar":{"outlinewidth":0,"ticks":""},"colorscale":[[0.0,"#0d0887"],[0.1111111111111111,"#46039f"],[0.2222222222222222,"#7201a8"],[0.3333333333333333,"#9c179e"],[0.4444444444444444,"#bd3786"],[0.5555555555555556,"#d8576b"],[0.6666666666666666,"#ed7953"],[0.7777777777777778,"#fb9f3a"],[0.8888888888888888,"#fdca26"],[1.0,"#f0f921"]],"type":"surface"}],"table":[{"cells":{"fill":{"color":"#EBF0F8"},"line":{"color":"white"}},"header":{"fill":{"color":"#C8D4E3"},"line":{"color":"white"}},"type":"table"}]},"layout":{"annotationdefaults":{"arrowcolor":"#2a3f5f","arrowhead":0,"arrowwidth":1},"autotypenumbers":"strict","coloraxis":{"colorbar":{"outlinewidth":0,"ticks":""}},"colorscale":{"diverging":[[0,"#8e0152"],[0.1,"#c51b7d"],[0.2,"#de77ae"],[0.3,"#f1b6da"],[0.4,"#fde0ef"],[0.5,"#f7f7f7"],[0.6,"#e6f5d0"],[0.7,"#b8e186"],[0.8,"#7fbc41"],[0.9,"#4d9221"],[1,"#276419"]],"sequential":[[0.0,"#0d0887"],[0.1111111111111111,"#46039f"],[0.2222222222222222,"#7201a8"],[0.3333333333333333,"#9c179e"],[0.4444444444444444,"#bd3786"],[0.5555555555555556,"#d8576b"],[0.6666666666666666,"#ed7953"],[0.7777777777777778,"#fb9f3a"],[0.8888888888888888,"#fdca26"],[1.0,"#f0f921"]],"sequentialminus":[[0.0,"#0d0887"],[0.1111111111111111,"#46039f"],[0.2222222222222222,"#7201a8"],[0.3333333333333333,"#9c179e"],[0.4444444444444444,"#bd3786"],[0.5555555555555556,"#d8576b"],[0.6666666666666666,"#ed7953"],[0.7777777777777778,"#fb9f3a"],[0.8888888888888888,"#fdca26"],[1.0,"#f0f921"]]},"colorway":["#636efa","#EF553B","#00cc96","#ab63fa","#FFA15A","#19d3f3","#FF6692","#B6E880","#FF97FF","#FECB52"],"font":{"color":"#2a3f5f"},"geo":{"bgcolor":"white","lakecolor":"white","landcolor":"#E5ECF6","showlakes":true,"showland":true,"subunitcolor":"white"},"hoverlabel":{"align":"left"},"hovermode":"closest","mapbox":{"style":"light"},"paper_bgcolor":"white","plot_bgcolor":"#E5ECF6","polar":{"angularaxis":{"gridcolor":"white","linecolor":"white","ticks":""},"bgcolor":"#E5ECF6","radialaxis":{"gridcolor":"white","linecolor":"white","ticks":""}},"scene":{"xaxis":{"backgroundcolor":"#E5ECF6","gridcolor":"white","gridwidth":2,"linecolor":"white","showbackground":true,"ticks":"","zerolinecolor":"white"},"yaxis":{"backgroundcolor":"#E5ECF6","gridcolor":"white","gridwidth":2,"linecolor":"white","showbackground":true,"ticks":"","zerolinecolor":"white"},"zaxis":{"backgroundcolor":"#E5ECF6","gridcolor":"white","gridwidth":2,"linecolor":"white","showbackground":true,"ticks":"","zerolinecolor":"white"}},"shapedefaults":{"line":{"color":"#2a3f5f"}},"ternary":{"aaxis":{"gridcolor":"white","linecolor":"white","ticks":""},"baxis":{"gridcolor":"white","linecolor":"white","ticks":""},"bgcolor":"#E5ECF6","caxis":{"gridcolor":"white","linecolor":"white","ticks":""}},"title":{"x":0.05},"xaxis":{"automargin":true,"gridcolor":"white","linecolor":"white","ticks":"","title":{"standoff":15},"zerolinecolor":"white","zerolinewidth":2},"yaxis":{"automargin":true,"gridcolor":"white","linecolor":"white","ticks":"","title":{"standoff":15},"zerolinecolor":"white","zerolinewidth":2}}},"updatemenus":[{"buttons":[{"args":[{"cells":{"align":["left","right"],"fill":{"color":["#F5F5F5",["rgb(189, 227, 216)","rgb(233, 241, 239)","rgb(240, 217, 230)","rgb(241, 222, 233)"],["rgb(189, 227, 216)","rgb(233, 241, 239)","rgb(240, 217, 230)","rgb(241, 222, 233)"],["rgb(189, 227, 216)","rgb(230, 240, 237)","rgb(240, 217, 230)","rgb(241, 223, 233)"],["rgb(245, 243, 244)","rgb(189, 227, 216)","rgb(240, 217, 230)","rgb(189, 227, 216)"],["rgb(189, 227, 216)","rgb(236, 242, 241)","rgb(240, 217, 230)","rgb(241, 224, 234)"],["rgb(215, 235, 229)","rgb(240, 217, 230)","rgb(243, 233, 239)","rgb(189, 227, 216)"],["rgb(189, 227, 216)","rgb(240, 217, 230)","rgb(212, 234, 228)","rgb(196, 229, 220)"],["rgb(245, 245, 245)"],["rgb(240, 243, 242)","rgb(198, 230, 221)","rgb(240, 217, 230)","rgb(189, 227, 216)"],["rgb(240, 217, 230)","rgb(240, 243, 242)","rgb(189, 227, 216)","rgb(242, 230, 237)"]]},"format":[null,",",",",",",".2f",",",".2f"],"height":21,"values":[["GenusA_speciesA_CAP","GenusB_speciesB_CAP","GenusC_speciesC_CAP","GenusD_speciesD_CAP"],[733778,597254,383160,416650],[110800478,90185354,57857160,62914150],[720370,591754,373204,412806],[98.17274434501988,99.07911876688979,97.40160768347427,99.07740309612385],[107339622,85322802,55240084,61380472],[96.87649722955166,94.60826865524085,95.47666010568095,97.56226858345856],[98.67962628108604,95.4875960068157,98.0237004053888,98.4707567363314],[100.0,100.0,100.0,100.0],[96.79539680997266,97.5231261639127,95.71869540519394,97.6805085197405],[41.04240729538947,42.32507916867205,43.3909578314221,41.59266268091464]]}}],"label":"Sample","method":"restyle"},{"args":[{"cells":{"align":["left","right"],"fill":{"color":["#F5F5F5",["rgb(189, 227, 216)","rgb(233, 241, 239)","rgb(241, 222, 233)","rgb(240, 217, 230)"],["rgb(189, 227, 216)","rgb(233, 241, 239)","rgb(241, 222, 233)","rgb(240, 217, 230)"],["rgb(189, 227, 216)","rgb(230, 240, 237)","rgb(241, 223, 233)","rgb(240, 217, 230)"],["rgb(245, 243, 244)","rgb(189, 227, 216)","rgb(189, 227, 216)","rgb(240, 217, 230)"],["rgb(189, 227, 216)","rgb(236, 242, 241)","rgb(241, 224, 234)","rgb(240, 217, 230)"],["rgb(215, 235, 229)","rgb(240, 217, 230)","rgb(189, 227, 216)","rgb(243, 233, 239)"],["rgb(189, 227, 216)","rgb(240, 217, 230)","rgb(196, 229, 220)","rgb(212, 234, 228)"],["rgb(245, 245, 245)"],["rgb(240, 243, 242)","rgb(198, 230, 221)","rgb(189, 227, 216)","rgb(240, 217, 230)"],["rgb(240, 217, 230)","rgb(240, 243, 242)","rgb(242, 230, 237)","rgb(189, 227, 216)"]]},"format":[null,",",",",",",".2f",",",".2f"],"height":21,"values":[["GenusA_speciesA_CAP","GenusB_speciesB_CAP","GenusD_speciesD_CAP","GenusC_speciesC_CAP"],[733778,597254,416650,383160],[110800478,90185354,62914150,57857160],[720370,591754,412806,373204],[98.17274434501988,99.07911876688979,99.07740309612385,97.40160768347427],[107339622,85322802,61380472,55240084],[96.87649722955166,94.60826865524085,97.56226858345856,95.47666010568095],[98.67962628108604,95.4875960068157,98.4707567363314,98.0237004053888],[100.0,100.0,100.0,100.0],[96.79539680997266,97.5231261639127,97.6805085197405,95.71869540519394],[41.04240729538947,42.32507916867205,41.59266268091464,43.3909578314221]]}}],"label":"Input Reads","method":"restyle"},{"args":[{"cells":{"align":["left","right"],"fill":{"color":["#F5F5F5",["rgb(189, 227, 216)","rgb(233, 241, 239)","rgb(241, 222, 233)","rgb(240, 217, 230)"],["rgb(189, 227, 216)","rgb(233, 241, 239)","rgb(241, 222, 233)","rgb(240, 217, 230)"],["rgb(189, 227, 216)","rgb(230, 240, 237)","rgb(241, 223, 233)","rgb(240, 217, 230)"],["rgb(245, 243, 244)","rgb(189, 227, 216)","rgb(189, 227, 216)","rgb(240, 217, 230)"],["rgb(189, 227, 216)","rgb(236, 242, 241)","rgb(241, 224, 234)","rgb(240, 217, 230)"],["rgb(215, 235, 229)","rgb(240, 217, 230)","rgb(189, 227, 216)","rgb(243, 233, 239)"],["rgb(189, 227, 216)","rgb(240, 217, 230)","rgb(196, 229, 220)","rgb(212, 234, 228)"],["rgb(245, 245, 245)"],["rgb(240, 243, 242)","rgb(198, 230, 221)","rgb(189, 227, 216)","rgb(240, 217, 230)"],["rgb(240, 217, 230)","rgb(240, 243, 242)","rgb(242, 230, 237)","rgb(189, 227, 216)"]]},"format":[null,",",",",",",".2f",",",".2f"],"height":21,"values":[["GenusA_speciesA_CAP","GenusB_speciesB_CAP","GenusD_speciesD_CAP","GenusC_speciesC_CAP"],[733778,597254,416650,383160],[110800478,90185354,62914150,57857160],[720370,591754,412806,373204],[98.17274434501988,99.07911876688979,99.07740309612385,97.40160768347427],[107339622,85322802,61380472,55240084],[96.87649722955166,94.60826865524085,97.56226858345856,95.47666010568095],[98.67962628108604,95.4875960068157,98.4707567363314,98.0237004053888],[100.0,100.0,100.0,100.0],[96.79539680997266,97.5231261639127,97.6805085197405,95.71869540519394],[41.04240729538947,42.32507916867205,41.59266268091464,43.3909578314221]]}}],"label":"Input Bases","method":"restyle"},{"args":[{"cells":{"align":["left","right"],"fill":{"color":["#F5F5F5",["rgb(189, 227, 216)","rgb(233, 241, 239)","rgb(241, 222, 233)","rgb(240, 217, 230)"],["rgb(189, 227, 216)","rgb(233, 241, 239)","rgb(241, 222, 233)","rgb(240, 217, 230)"],["rgb(189, 227, 216)","rgb(230, 240, 237)","rgb(241, 223, 233)","rgb(240, 217, 230)"],["rgb(245, 243, 244)","rgb(189, 227, 216)","rgb(189, 227, 216)","rgb(240, 217, 230)"],["rgb(189, 227, 216)","rgb(236, 242, 241)","rgb(241, 224, 234)","rgb(240, 217, 230)"],["rgb(215, 235, 229)","rgb(240, 217, 230)","rgb(189, 227, 216)","rgb(243, 233, 239)"],["rgb(189, 227, 216)","rgb(240, 217, 230)","rgb(196, 229, 220)","rgb(212, 234, 228)"],["rgb(245, 245, 245)"],["rgb(240, 243, 242)","rgb(198, 230, 221)","rgb(189, 227, 216)","rgb(240, 217, 230)"],["rgb(240, 217, 230)","rgb(240, 243, 242)","rgb(242, 230, 237)","rgb(189, 227, 216)"]]},"format":[null,",",",",",",".2f",",",".2f"],"height":21,"values":[["GenusA_speciesA_CAP","GenusB_speciesB_CAP","GenusD_speciesD_CAP","GenusC_speciesC_CAP"],[733778,597254,416650,383160],[110800478,90185354,62914150,57857160],[720370,591754,412806,373204],[98.17274434501988,99.07911876688979,99.07740309612385,97.40160768347427],[107339622,85322802,61380472,55240084],[96.87649722955166,94.60826865524085,97.56226858345856,95.47666010568095],[98.67962628108604,95.4875960068157,98.4707567363314,98.0237004053888],[100.0,100.0,100.0,100.0],[96.79539680997266,97.5231261639127,97.6805085197405,95.71869540519394],[41.04240729538947,42.32507916867205,41.59266268091464,43.3909578314221]]}}],"label":"Output Reads","method":"restyle"},{"args":[{"cells":{"align":["left","right"],"fill":{"color":["#F5F5F5",["rgb(233, 241, 239)","rgb(241, 222, 233)","rgb(189, 227, 216)","rgb(240, 217, 230)"],["rgb(233, 241, 239)","rgb(241, 222, 233)","rgb(189, 227, 216)","rgb(240, 217, 230)"],["rgb(230, 240, 237)","rgb(241, 223, 233)","rgb(189, 227, 216)","rgb(240, 217, 230)"],["rgb(189, 227, 216)","rgb(189, 227, 216)","rgb(245, 243, 244)","rgb(240, 217, 230)"],["rgb(236, 242, 241)","rgb(241, 224, 234)","rgb(189, 227, 216)","rgb(240, 217, 230)"],["rgb(240, 217, 230)","rgb(189, 227, 216)","rgb(215, 235, 229)","rgb(243, 233, 239)"],["rgb(240, 217, 230)","rgb(196, 229, 220)","rgb(189, 227, 216)","rgb(212, 234, 228)"],["rgb(245, 245, 245)"],["rgb(198, 230, 221)","rgb(189, 227, 216)","rgb(240, 243, 242)","rgb(240, 217, 230)"],["rgb(240, 243, 242)","rgb(242, 230, 237)","rgb(240, 217, 230)","rgb(189, 227, 216)"]]},"format":[null,",",",",",",".2f",",",".2f"],"height":21,"values":[["GenusB_speciesB_CAP","GenusD_speciesD_CAP","GenusA_speciesA_CAP","GenusC_speciesC_CAP"],[597254,416650,733778,383160],[90185354,62914150,110800478,57857160],[591754,412806,720370,373204],[99.07911876688979,99.07740309612385,98.17274434501988,97.40160768347427],[85322802,61380472,107339622,55240084],[94.60826865524085,97.56226858345856,96.87649722955166,95.47666010568095],[95.4875960068157,98.4707567363314,98.67962628108604,98.0237004053888],[100.0,100.0,100.0,100.0],[97.5231261639127,97.6805085197405,96.79539680997266,95.71869540519394],[42.32507916867205,41.59266268091464,41.04240729538947,43.3909578314221]]}}],"label":"Output Reads%","method":"restyle"},{"args":[{"cells":{"align":["left","right"],"fill":{"color":["#F5F5F5",["rgb(189, 227, 216)","rgb(233, 241, 239)","rgb(241, 222, 233)","rgb(240, 217, 230)"],["rgb(189, 227, 216)","rgb(233, 241, 239)","rgb(241, 222, 233)","rgb(240, 217, 230)"],["rgb(189, 227, 216)","rgb(230, 240, 237)","rgb(241, 223, 233)","rgb(240, 217, 230)"],["rgb(245, 243, 244)","rgb(189, 227, 216)","rgb(189, 227, 216)","rgb(240, 217, 230)"],["rgb(189, 227, 216)","rgb(236, 242, 241)","rgb(241, 224, 234)","rgb(240, 217, 230)"],["rgb(215, 235, 229)","rgb(240, 217, 230)","rgb(189, 227, 216)","rgb(243, 233, 239)"],["rgb(189, 227, 216)","rgb(240, 217, 230)","rgb(196, 229, 220)","rgb(212, 234, 228)"],["rgb(245, 245, 245)"],["rgb(240, 243, 242)","rgb(198, 230, 221)","rgb(189, 227, 216)","rgb(240, 217, 230)"],["rgb(240, 217, 230)","rgb(240, 243, 242)","rgb(242, 230, 237)","rgb(189, 227, 216)"]]},"format":[null,",",",",",",".2f",",",".2f"],"height":21,"values":[["GenusA_speciesA_CAP","GenusB_speciesB_CAP","GenusD_speciesD_CAP","GenusC_speciesC_CAP"],[733778,597254,416650,383160],[110800478,90185354,62914150,57857160],[720370,591754,412806,373204],[98.17274434501988,99.07911876688979,99.07740309612385,97.40160768347427],[107339622,85322802,61380472,55240084],[96.87649722955166,94.60826865524085,97.56226858345856,95.47666010568095],[98.67962628108604,95.4875960068157,98.4707567363314,98.0237004053888],[100.0,100.0,100.0,100.0],[96.79539680997266,97.5231261639127,97.6805085197405,95.71869540519394],[41.04240729538947,42.32507916867205,41.59266268091464,43.3909578314221]]}}],"label":"Output Bases","method":"restyle"},{"args":[{"cells":{"align":["left","right"],"fill":{"color":["#F5F5F5",["rgb(241, 222, 233)","rgb(189, 227, 216)","rgb(240, 217, 230)","rgb(233, 241, 239)"],["rgb(241, 222, 233)","rgb(189, 227, 216)","rgb(240, 217, 230)","rgb(233, 241, 239)"],["rgb(241, 223, 233)","rgb(189, 227, 216)","rgb(240, 217, 230)","rgb(230, 240, 237)"],["rgb(189, 227, 216)","rgb(245, 243, 244)","rgb(240, 217, 230)","rgb(189, 227, 216)"],["rgb(241, 224, 234)","rgb(189, 227, 216)","rgb(240, 217, 230)","rgb(236, 242, 241)"],["rgb(189, 227, 216)","rgb(215, 235, 229)","rgb(243, 233, 239)","rgb(240, 217, 230)"],["rgb(196, 229, 220)","rgb(189, 227, 216)","rgb(212, 234, 228)","rgb(240, 217, 230)"],["rgb(245, 245, 245)"],["rgb(189, 227, 216)","rgb(240, 243, 242)","rgb(240, 217, 230)","rgb(198, 230, 221)"],["rgb(242, 230, 237)","rgb(240, 217, 230)","rgb(189, 227, 216)","rgb(240, 243, 242)"]]},"format":[null,",",",",",",".2f",",",".2f"],"height":21,"values":[["GenusD_speciesD_CAP","GenusA_speciesA_CAP","GenusC_speciesC_CAP","GenusB_speciesB_CAP"],[416650,733778,383160,597254],[62914150,110800478,57857160,90185354],[412806,720370,373204,591754],[99.07740309612385,98.17274434501988,97.40160768347427,99.07911876688979],[61380472,107339622,55240084,85322802],[97.56226858345856,96.87649722955166,95.47666010568095,94.60826865524085],[98.4707567363314,98.67962628108604,98.0237004053888,95.4875960068157],[100.0,100.0,100.0,100.0],[97.6805085197405,96.79539680997266,95.71869540519394,97.5231261639127],[41.59266268091464,41.04240729538947,43.3909578314221,42.32507916867205]]}}],"label":"Output Bases%","method":"restyle"},{"args":[{"cells":{"align":["left","right"],"fill":{"color":["#F5F5F5",["rgb(189, 227, 216)","rgb(241, 222, 233)","rgb(240, 217, 230)","rgb(233, 241, 239)"],["rgb(189, 227, 216)","rgb(241, 222, 233)","rgb(240, 217, 230)","rgb(233, 241, 239)"],["rgb(189, 227, 216)","rgb(241, 223, 233)","rgb(240, 217, 230)","rgb(230, 240, 237)"],["rgb(245, 243, 244)","rgb(189, 227, 216)","rgb(240, 217, 230)","rgb(189, 227, 216)"],["rgb(189, 227, 216)","rgb(241, 224, 234)","rgb(240, 217, 230)","rgb(236, 242, 241)"],["rgb(215, 235, 229)","rgb(189, 227, 216)","rgb(243, 233, 239)","rgb(240, 217, 230)"],["rgb(189, 227, 216)","rgb(196, 229, 220)","rgb(212, 234, 228)","rgb(240, 217, 230)"],["rgb(245, 245, 245)"],["rgb(240, 243, 242)","rgb(189, 227, 216)","rgb(240, 217, 230)","rgb(198, 230, 221)"],["rgb(240, 217, 230)","rgb(242, 230, 237)","rgb(189, 227, 216)","rgb(240, 243, 242)"]]},"format":[null,",",",",",",".2f",",",".2f"],"height":21,"values":[["GenusA_speciesA_CAP","GenusD_speciesD_CAP","GenusC_speciesC_CAP","GenusB_speciesB_CAP"],[733778,416650,383160,597254],[110800478,62914150,57857160,90185354],[720370,412806,373204,591754],[98.17274434501988,99.07740309612385,97.40160768347427,99.07911876688979],[107339622,61380472,55240084,85322802],[96.87649722955166,97.56226858345856,95.47666010568095,94.60826865524085],[98.67962628108604,98.4707567363314,98.0237004053888,95.4875960068157],[100.0,100.0,100.0,100.0],[96.79539680997266,97.6805085197405,95.71869540519394,97.5231261639127],[41.04240729538947,41.59266268091464,43.3909578314221,42.32507916867205]]}}],"label":"Mean Read Length%","method":"restyle"},{"args":[{"cells":{"align":["left","right"],"fill":{"color":["#F5F5F5",["rgb(189, 227, 216)","rgb(241, 222, 233)","rgb(240, 217, 230)","rgb(233, 241, 239)"],["rgb(189, 227, 216)","rgb(241, 222, 233)","rgb(240, 217, 230)","rgb(233, 241, 239)"],["rgb(189, 227, 216)","rgb(241, 223, 233)","rgb(240, 217, 230)","rgb(230, 240, 237)"],["rgb(245, 243, 244)","rgb(189, 227, 216)","rgb(240, 217, 230)","rgb(189, 227, 216)"],["rgb(189, 227, 216)","rgb(241, 224, 234)","rgb(240, 217, 230)","rgb(236, 242, 241)"],["rgb(215, 235, 229)","rgb(189, 227, 216)","rgb(243, 233, 239)","rgb(240, 217, 230)"],["rgb(189, 227, 216)","rgb(196, 229, 220)","rgb(212, 234, 228)","rgb(240, 217, 230)"],["rgb(245, 245, 245)"],["rgb(240, 243, 242)","rgb(189, 227, 216)","rgb(240, 217, 230)","rgb(198, 230, 221)"],["rgb(240, 217, 230)","rgb(242, 230, 237)","rgb(189, 227, 216)","rgb(240, 243, 242)"]]},"format":[null,",",",",",",".2f",",",".2f"],"height":21,"values":[["GenusA_speciesA_CAP","GenusD_speciesD_CAP","GenusC_speciesC_CAP","GenusB_speciesB_CAP"],[733778,416650,383160,597254],[110800478,62914150,57857160,90185354],[720370,412806,373204,591754],[98.17274434501988,99.07740309612385,97.40160768347427,99.07911876688979],[107339622,61380472,55240084,85322802],[96.87649722955166,97.56226858345856,95.47666010568095,94.60826865524085],[98.67962628108604,98.4707567363314,98.0237004053888,95.4875960068157],[100.0,100.0,100.0,100.0],[96.79539680997266,97.6805085197405,95.71869540519394,97.5231261639127],[41.04240729538947,41.59266268091464,43.3909578314221,42.32507916867205]]}}],"label":"\u2265Q20 Reads%","method":"restyle"},{"args":[{"cells":{"align":["left","right"],"fill":{"color":["#F5F5F5",["rgb(241, 222, 233)","rgb(233, 241, 239)","rgb(189, 227, 216)","rgb(240, 217, 230)"],["rgb(241, 222, 233)","rgb(233, 241, 239)","rgb(189, 227, 216)","rgb(240, 217, 230)"],["rgb(241, 223, 233)","rgb(230, 240, 237)","rgb(189, 227, 216)","rgb(240, 217, 230)"],["rgb(189, 227, 216)","rgb(189, 227, 216)","rgb(245, 243, 244)","rgb(240, 217, 230)"],["rgb(241, 224, 234)","rgb(236, 242, 241)","rgb(189, 227, 216)","rgb(240, 217, 230)"],["rgb(189, 227, 216)","rgb(240, 217, 230)","rgb(215, 235, 229)","rgb(243, 233, 239)"],["rgb(196, 229, 220)","rgb(240, 217, 230)","rgb(189, 227, 216)","rgb(212, 234, 228)"],["rgb(245, 245, 245)"],["rgb(189, 227, 216)","rgb(198, 230, 221)","rgb(240, 243, 242)","rgb(240, 217, 230)"],["rgb(242, 230, 237)","rgb(240, 243, 242)","rgb(240, 217, 230)","rgb(189, 227, 216)"]]},"format":[null,",",",",",",".2f",",",".2f"],"height":21,"values":[["GenusD_speciesD_CAP","GenusB_speciesB_CAP","GenusA_speciesA_CAP","GenusC_speciesC_CAP"],[416650,597254,733778,383160],[62914150,90185354,110800478,57857160],[412806,591754,720370,373204],[99.07740309612385,99.07911876688979,98.17274434501988,97.40160768347427],[61380472,85322802,107339622,55240084],[97.56226858345856,94.60826865524085,96.87649722955166,95.47666010568095],[98.4707567363314,95.4875960068157,98.67962628108604,98.0237004053888],[100.0,100.0,100.0,100.0],[97.6805085197405,97.5231261639127,96.79539680997266,95.71869540519394],[41.59266268091464,42.32507916867205,41.04240729538947,43.3909578314221]]}}],"label":"\u2265Q30 Reads%","method":"restyle"},{"args":[{"cells":{"align":["left","right"],"fill":{"color":["#F5F5F5",["rgb(240, 217, 230)","rgb(233, 241, 239)","rgb(241, 222, 233)","rgb(189, 227, 216)"],["rgb(240, 217, 230)","rgb(233, 241, 239)","rgb(241, 222, 233)","rgb(189, 227, 216)"],["rgb(240, 217, 230)","rgb(230, 240, 237)","rgb(241, 223, 233)","rgb(189, 227, 216)"],["rgb(240, 217, 230)","rgb(189, 227, 216)","rgb(189, 227, 216)","rgb(245, 243, 244)"],["rgb(240, 217, 230)","rgb(236, 242, 241)","rgb(241, 224, 234)","rgb(189, 227, 216)"],["rgb(243, 233, 239)","rgb(240, 217, 230)","rgb(189, 227, 216)","rgb(215, 235, 229)"],["rgb(212, 234, 228)","rgb(240, 217, 230)","rgb(196, 229, 220)","rgb(189, 227, 216)"],["rgb(245, 245, 245)"],["rgb(240, 217, 230)","rgb(198, 230, 221)","rgb(189, 227, 216)","rgb(240, 243, 242)"],["rgb(189, 227, 216)","rgb(240, 243, 242)","rgb(242, 230, 237)","rgb(240, 217, 230)"]]},"format":[null,",",",",",",".2f",",",".2f"],"height":21,"values":[["GenusC_speciesC_CAP","GenusB_speciesB_CAP","GenusD_speciesD_CAP","GenusA_speciesA_CAP"],[383160,597254,416650,733778],[57857160,90185354,62914150,110800478],[373204,591754,412806,720370],[97.40160768347427,99.07911876688979,99.07740309612385,98.17274434501988],[55240084,85322802,61380472,107339622],[95.47666010568095,94.60826865524085,97.56226858345856,96.87649722955166],[98.0237004053888,95.4875960068157,98.4707567363314,98.67962628108604],[100.0,100.0,100.0,100.0],[95.71869540519394,97.5231261639127,97.6805085197405,96.79539680997266],[43.3909578314221,42.32507916867205,41.59266268091464,41.04240729538947]]}}],"label":"GC%","method":"restyle"}],"direction":"down","pad":{"b":10,"t":10},"type":"dropdown","x":1,"xanchor":"right","y":1,"yanchor":"bottom"}]}}