{"data":[{"cells":{"align":["left","right"],"fill":{"color":["#F5F5F5",["rgb(189, 227, 216)","rgb(233, 241, 239)","rgb(240, 217, 230)","rgb(241, 222, 233)"],["rgb(189, 227, 216)","rgb(233, 241, 239)","rgb(240, 217, 230)","rgb(241, 222, 233)"],["rgb(189, 227, 216)","rgb(230, 240, 237)","rgb(240, 217, 230)","rgb(241, 223, 233)"],["rgb(245, 243, 244)","rgb(189, 227, 216)","rgb(240, 217, 230)","rgb(189, 227, 216)"],["rgb(189, 227, 216)","rgb(237, 242, 241)","rgb(240, 217, 230)","rgb(241, 224, 234)"],["rgb(214, 235, 229)","rgb(240, 217, 230)","rgb(243, 235, 239)","rgb(189, 227, 216)"],["rgb(189, 227, 216)","rgb(240, 217, 230)","rgb(212, 234, 228)","rgb(196, 229, 220)"],["rgb(245, 245, 245)"],["rgb(239, 243, 242)","rgb(197, 230, 220)","rgb(240, 217, 230)","rgb(189, 227, 216)"],["rgb(240, 217, 230)","rgb(240, 243, 242)","rgb(189, 227, 216)","rgb(242, 230, 237)"],["rgb(240, 217, 230)","rgb(189, 227, 216)","rgb(240, 218, 231)","rgb(241, 222, 233)"]]},"format":[null,",",",",",",".2f",",",".2f"],"height":21,"values":[["GenusA_speciesA_CAP","GenusB_speciesB_CAP","GenusC_speciesC_CAP","GenusD_speciesD_CAP"],[733778,597254,383160,416650],[110800478,90185354,57857160,62914150],[720276,591712,373170,412780],[98.15993393097095,99.07208658292787,97.39273410585656,99.07116284651386],[107992915,85752301,55573386,61755839],[97.46610930685696,95.08450895474668,96.05273746585556,98.15890225012974],[99.29316922258535,95.97507454852746,98.62413079137448,99.07918654614215],[100.0,100.0,100.0,100.0],[96.77248721323492,97.51162727813531,95.67757322399979,97.66122389650661],[41.04267293472515,42.32489452543823,43.39124548373878,41.592862020700046],[0.35133240499999996,13.332867433,0.6490759125000001,1.50294]]},"header":{"values":["<b>Sample</b>","<b>Input Reads</b>","<b>Input Bases</b>","<b>Output Reads</b>","<b>Output Reads%</b>","<b>Output Bases</b>","<b>Output Bases%</b>","<b>Mean Read Length%</b>","<b>\u2265Q20 Reads%</b>","<b>\u2265Q30 Reads%</b>","<b>GC%</b>","<b>Adapter%</b>"]},"type":"table"}],"layout":{"template":{"data":{"bar":[{"error_x":{"color":"#2a3f5f"},"error_y":{"color":"#2a3f5f"},"marker":{"line":{"color":"#E5ECF6","width":0.5},"pattern":{"fillmode":"overlay","size":10,"solidity":0.2}},"type":"bar"}],"barpolar":[{"marker":{"line":{"color":"#E5ECF6","width":0.5},"pattern":{"fillmode":"overlay","size":10,"solidity":0.2}},"type":"barpolar"}],"carpet":[{"aaxis":{"endlinecolor":"#2a3f5f","gridcolor":"white","linecolor":"white","minorgridcolor":"white","startlinecolor":"#2a3f5f"},"baxis":{"endlinecolor":"#2a3f5f","gridcolor":"white","linecolor":"white","minorgridcolor":"white","startlinecolor":"#2a3f5f"},"type":"carpet"}],"choropleth":[{"colorbar":{"outlinewidth":0,"ticks":""},"type":"choropleth"}],"contour":[{"colorbar":{"outlinewidth":0,"ticks":""},"colorscale":[[0.0,"#0d0887"],[0.1111111111111111,"#46039f"],[0.2222222222222222,"#7201a8"],[0.3333333333333333,"#9c179e"],[0.4444444444444444,"#bd3786"],[0.5555555555555556,"#d8576b"],[0.6666666666666666,"#ed7953"],[0.7777777777777778,"#fb9f3a"],[0.8888888888888888,"#fdca26"],[1.0,"#f0f921"]],"type":"contour"}],"contourcarpet":[{"colorbar":{"outlinewidth":0,"ticks":""},"type":"contourcarpet"}],"heatmap":[{"colorbar":{"outlinewidth":0,"ticks":""},"colorscale":[[0.0,"#0d0887"],[0.1111111111111111,"#46039f"],[0.2222222222222222,"#7201a8"],[0.3333333333333333,"#9c179e"],[0.4444444444444444,"#bd3786"],[0.5555555555555556,"#d8576b"],[0.6666666666666666,"#ed7953"],[0.7777777777777778,"#fb9f3a"],[0.8888888888888888,"#fdca26"],[1.0,"#f0f921"]],"type":"heatmap"}],"heatmapgl":[{"colorbar":{"outlinewidth":0,"ticks":""},"colorscale":[[0.0,"#0d0887"],[0.1111111111111111,"#46039f"],[0.2222222222222222,"#7201a8"],[0.3333333333333333,"#9c179e"],[0.4444444444444444,"#bd3786"],[0.5555555555555556,"#d8576b"],[0.6666666666666666,"#ed7953"],[0.7777777777777778,"#fb9f3a"],[0.8888888888888888,"#fdca26"],[1.0,"#f0f921"]],"type":"heatmapgl"}],"histogram":[{"marker":{"pattern":{"fillmode":"overlay","size":10,"solidity":0.2}},"type":"histogram"}],"histogram2d":[{"colorbar":{"outlinewidth":0,"ticks":""},"colorscale":[[0.0,"#0d0887"],[0.1111111111111111,"#46039f"],[0.2222222222222222,"#7201a8"],[0.3333333333333333,"#9c179e"],[0.4444444444444444,"#bd3786"],[0.5555555555555556,"#d8576b"],[0.6666666666666666,"#ed7953"],[0.7777777777777778,"#fb9f3a"],[0.8888888888888888,"#fdca26"],[1.0,"#f0f921"]],"type":"histogram2d"}],"histogram2dcontour":[{"colorbar":{"outlinewidth":0,"ticks":""},"colorscale":[[0.0,"#0d0887"],[0.1111111111111111,"#46039f"],[0.2222222222222222,"#7201a8"],[0.3333333333333333,"#9c179e"],[0.4444444444444444,"#bd3786"],[0.5555555555555556,"#d8576b"],[0.6666666666666666,"#ed7953"],[0.7777777777777778,"#fb9f3a"],[0.8888888888888888,"#fdca26"],[1.0,"#f0f921"]],"type":"histogram2dcontour"}],"mesh3d":[{"colorbar":{"outlinewidth":0,"ticks":""},"type":"mesh3d"}],"parcoords":[{"line":{"colorbar":{"outlinewidth":0,"ticks":""}},"type":"parcoords"}],"pie":[{"automargin":true,"type":"pie"}],"scatter":[{"marker":{"colorbar":{"outlinewidth":0,"ticks":""}},"type":"scatter"}],"scatter3d":[{"line":{"colorbar":{"outlinewidth":0,"ticks":""}},"marker":{"colorbar":{"outlinewidth":0,"ticks":""}},"type":"scatter3d"}],"scattercarpet":[{"marker":{"colorbar":{"outlinewidth":0,"ticks":""}},"type":"scattercarpet"}],"scattergeo":[{"marker":{"colorbar":{"outlinewidth":0,"ticks":""}},"type":"scattergeo"}],"scattergl":[{"marker":{"colorbar":{"outlinewidth":0,"ticks":""}},"type":"scattergl"}],"scattermapbox":[{"marker":{"colorbar":{"outlinewidth":0,"ticks":""}},"type":"scattermapbox"}],"scatterpolar":[{"marker":{"colorbar":{"outlinewidth":0,"ticks":""}},"type":"scatterpolar"}],"scatterpolargl":[{"marker":{"colorbar":{"outlinewidth":0,"ticks":""}},"type":"scatterpolargl"}],"scatterternary":[{"marker":{"colorbar":{"outlinewidth":0,"ticks":""}},"type":"scatterternary"}],"surface":[{"colorbar":{"outlinewidth":0,"ticks":""},"colorscale":[[0.0,"#0d0887"],[0.1111111111111111,"#46039f"],[0.2222222222222222,"#7201a8"],[0.3333333333333333,"#9c179e"],[0.4444444444444444,"#bd3786"],[0.5555555555555556,"#d8576b"],[0.6666666666666666,"#ed7953"],[0.7777777777777778,"#fb9f3a"],[0.8888888888888888,"#fdca26"],[1.0,"#f0f921"]],"type":"surface"}],"table":[{"cells":{"fill":{"color":"#EBF0F8"},"line":{"color":"white"}},"header":{"fill":{"color":"#C8D4E3"},"line":{"color":"white"}},"type":"table"}]},"layout":{"annotationdefaults":{"arrowcolor":"#2a3f5f","arrowhead":0,"arrowwidth":1},"autotypenumbers":"strict","coloraxis":{"colorbar":{"outlinewidth":0,"ticks":""}},"colorscale":{"diverging":[[0,"#8e0152"],[0.1,"#c51b7d"],[0.2,"#de77ae"],[0.3,"#f1b6da"],[0.4,"#fde0ef"],[0.5,"#f7f7f7"],[0.6,"#e6f5d0"],[0.7,"#b8e186"],[0.8,"#7fbc41"],[0.9,"#4d9221"],[1,"#276419"]],"sequential":[[0.0,"#0d0887"],[0.1111111111111111,"#46039f"],[0.2222222222222222,"#7201a8"],[0.3333333333333333,"#9c179e"],[0.4444444444444444,"#bd3786"],[0.5555555555555556,"#d8576b"],[0.6666666666666666,"#ed7953"],[0.7777777777777778,"#fb9f3a"],[0.8888888888888888,"#fdca26"],[1.0,"#f0f921"]],"sequentialminus":[[0.0,"#0d0887"],[0.1111111111111111,"#46039f"],[0.2222222222222222,"#7201a8"],[0.3333333333333333,"#9c179e"],[0.4444444444444444,"#bd3786"],[0.5555555555555556,"#d8576b"],[0.6666666666666666,"#ed7953"],[0.7777777777777778,"#fb9f3a"],[0.8888888888888888,"#fdca26"],[1.0,"#f0f921"]]},"colorway":["#636efa","#EF553B","#00cc96","#ab63fa","#FFA15A","#19d3f3","#FF6692","#B6E880","#FF97FF","#FECB52"],"font":{"color":"#2a3f5f"},"geo":{"bgcolor":"white","lakecolor":"white","landcolor":"#E5ECF6","showlakes":true,"showland":true,"subunitcolor":"white"},"hoverlabel":{"align":"left"},"hovermode":"closest","mapbox":{"style":"light"},"paper_bgcolor":"white","plot_bgcolor":"#E5ECF6","polar":{"angularaxis":{"gridcolor":"white","linecolor":"white","ticks":""},"bgcolor":"#E5ECF6","radialaxis":{"gridcolor":"white","linecolor":"white","ticks":""}},"scene":{"xaxis":{"backgroundcolor":"#E5ECF6","gridcolor":"white","gridwidth":2,"linecolor":"white","showbackground":true,"ticks":"","zerolinecolor":"white"},"yaxis":{"backgroundcolor":"#E5ECF6","gridcolor":"white","gridwidth":2,"linecolor":"white","showbackground":true,"ticks":"","zerolinecolor":"white"},"zaxis":{"backgroundcolor":"#E5ECF6","gridcolor":"white","gridwidth":2,"linecolor":"white","showbackground":true,"ticks":"","zerolinecolor":"white"}},"shapedefaults":{"line":{"color":"#2a3f5f"}},"ternary":{"aaxis":{"gridcolor":"white","linecolor":"white","ticks":""},"baxis":{"gridcolor":"white","linecolor":"white","ticks":""},"bgcolor":"#E5ECF6","caxis":{"gridcolor":"white","linecolor":"white","ticks":""}},"title":{"x":0.05},"xaxis":{"automargin":true,"gridcolor":"white","linecolor":"white","ticks":"","title":{"standoff":15},"zerolinecolor":"white","zerolinewidth":2},"yaxis":{"automargin":true,"gridcolor":"white","linecolor":"white","ticks":"","title":{"standoff":15},"zerolinecolor":"white","zerolinewidth":2}}},"font":{"family":"Arial"},"margin":{"t":80,"b":0,"l":5,"r":5},"height":230,"updatemenus":[{"buttons":[{"args":[{"cells":{"values":[["GenusA_speciesA_CAP","GenusB_speciesB_CAP","GenusC_speciesC_CAP","GenusD_speciesD_CAP"],[733778,597254,383160,416650],[110800478,90185354,57857160,62914150],[720276,591712,373170,412780],[98.15993393097095,99.07208658292787,97.39273410585656,99.07116284651386],[107992915,85752301,55573386,61755839],[97.46610930685696,95.08450895474668,96.05273746585556,98.15890225012974],[99.29316922258535,95.97507454852746,98.62413079137448,99.07918654614215],[100.0,100.0,100.0,100.0],[96.77248721323492,97.51162727813531,95.67757322399979,97.66122389650661],[41.04267293472515,42.32489452543823,43.39124548373878,41.592862020700046],[0.35133240499999996,13.332867433,0.6490759125000001,1.50294]],"fill":{"color":["#F5F5F5",["rgb(189, 227, 216)","rgb(233, 241, 239)","rgb(240, 217, 230)","rgb(241, 222, 233)"],["rgb(189, 227, 216)","rgb(233, 241, 239)","rgb(240, 217, 230)","rgb(241, 222, 233)"],["rgb(189, 227, 216)","rgb(230, 240, 237)","rgb(240, 217, 230)","rgb(241, 223, 233)"],["rgb(245, 243, 244)","rgb(189, 227, 216)","rgb(240, 217, 230)","rgb(189, 227, 216)"],["rgb(189, 227, 216)","rgb(237, 242, 241)","rgb(240, 217, 230)","rgb(241, 224, 234)"],["rgb(214, 235, 229)","rgb(240, 217, 230)","rgb(243, 235, 239)","rgb(189, 227, 216)"],["rgb(189, 227, 216)","rgb(240, 217, 230)","rgb(212, 234, 228)","rgb(196, 229, 220)"],["rgb(245, 245, 245)"],["rgb(239, 243, 242)","rgb(197, 230, 220)","rgb(240, 217, 230)","rgb(189, 227, 216)"],["rgb(240, 217, 230)","rgb(240, 243, 242)","rgb(189, 227, 216)","rgb(242, 230, 237)"],["rgb(240, 217, 230)","rgb(189, 227, 216)","rgb(240, 218, 231)","rgb(241, 222, 233)"]]},"format":[null,",",",",",",".2f",",",".2f"],"align":["left","right"],"height":21}}],"label":"Sample","method":"restyle"},{"args":[{"cells":{"values":[["GenusA_speciesA_CAP","GenusB_speciesB_CAP","GenusD_speciesD_CAP","GenusC_speciesC_CAP"],[733778,597254,416650,383160],[110800478,90185354,62914150,57857160],[720276,591712,412780,373170],[98.15993393097095,99.07208658292787,99.07116284651386,97.39273410585656],[107992915,85752301,61755839,55573386],[97.46610930685696,95.08450895474668,98.15890225012974,96.05273746585556],[99.29316922258535,95.97507454852746,99.07918654614215,98.62413079137448],[100.0,100.0,100.0,100.0],[96.77248721323492,97.51162727813531,97.66122389650661,95.67757322399979],[41.04267293472515,42.32489452543823,41.592862020700046,43.39124548373878],[0.35133240499999996,13.332867433,1.50294,0.6490759125000001]],"fill":{"color":["#F5F5F5",["rgb(189, 227, 216)","rgb(233, 241, 239)","rgb(241, 222, 233)","rgb(240, 217, 230)"],["rgb(189, 227, 216)","rgb(233, 241, 239)","rgb(241, 222, 233)","rgb(240, 217, 230)"],["rgb(189, 227, 216)","rgb(230, 240, 237)","rgb(241, 223, 233)","rgb(240, 217, 230)"],["rgb(245, 243, 244)","rgb(189, 227, 216)","rgb(189, 227, 216)","rgb(240, 217, 230)"],["rgb(189, 227, 216)","rgb(237, 242, 241)","rgb(241, 224, 234)","rgb(240, 217, 230)"],["rgb(214, 235, 229)","rgb(240, 217, 230)","rgb(189, 227, 216)","rgb(243, 235, 239)"],["rgb(189, 227, 216)","rgb(240, 217, 230)","rgb(196, 229, 220)","rgb(212, 234, 228)"],["rgb(245, 245, 245)"],["rgb(239, 243, 242)","rgb(197, 230, 220)","rgb(189, 227, 216)","rgb(240, 217, 230)"],["rgb(240, 217, 230)","rgb(240, 243, 242)","rgb(242, 230, 237)","rgb(189, 227, 216)"],["rgb(240, 217, 230)","rgb(189, 227, 216)","rgb(241, 222, 233)","rgb(240, 218, 231)"]]},"format":[null,",",",",",",".2f",",",".2f"],"align":["left","right"],"height":21}}],"label":"Input Reads","method":"restyle"},{"args":[{"cells":{"values":[["GenusA_speciesA_CAP","GenusB_speciesB_CAP","GenusD_speciesD_CAP","GenusC_speciesC_CAP"],[733778,597254,416650,383160],[110800478,90185354,62914150,57857160],[720276,591712,412780,373170],[98.15993393097095,99.07208658292787,99.07116284651386,97.39273410585656],[107992915,85752301,61755839,55573386],[97.46610930685696,95.08450895474668,98.15890225012974,96.05273746585556],[99.29316922258535,95.97507454852746,99.07918654614215,98.62413079137448],[100.0,100.0,100.0,100.0],[96.77248721323492,97.51162727813531,97.66122389650661,95.67757322399979],[41.04267293472515,42.32489452543823,41.592862020700046,43.39124548373878],[0.35133240499999996,13.332867433,1.50294,0.6490759125000001]],"fill":{"color":["#F5F5F5",["rgb(189, 227, 216)","rgb(233, 241, 239)","rgb(241, 222, 233)","rgb(240, 217, 230)"],["rgb(189, 227, 216)","rgb(233, 241, 239)","rgb(241, 222, 233)","rgb(240, 217, 230)"],["rgb(189, 227, 216)","rgb(230, 240, 237)","rgb(241, 223, 233)","rgb(240, 217, 230)"],["rgb(245, 243, 244)","rgb(189, 227, 216)","rgb(189, 227, 216)","rgb(240, 217, 230)"],["rgb(189, 227, 216)","rgb(237, 242, 241)","rgb(241, 224, 234)","rgb(240, 217, 230)"],["rgb(214, 235, 229)","rgb(240, 217, 230)","rgb(189, 227, 216)","rgb(243, 235, 239)"],["rgb(189, 227, 216)","rgb(240, 217, 230)","rgb(196, 229, 220)","rgb(212, 234, 228)"],["rgb(245, 245, 245)"],["rgb(239, 243, 242)","rgb(197, 230, 220)","rgb(189, 227, 216)","rgb(240, 217, 230)"],["rgb(240, 217, 230)","rgb(240, 243, 242)","rgb(242, 230, 237)","rgb(189, 227, 216)"],["rgb(240, 217, 230)","rgb(189, 227, 216)","rgb(241, 222, 233)","rgb(240, 218, 231)"]]},"format":[null,",",",",",",".2f",",",".2f"],"align":["left","right"],"height":21}}],"label":"Input Bases","method":"restyle"},{"args":[{"cells":{"values":[["GenusA_speciesA_CAP","GenusB_speciesB_CAP","GenusD_speciesD_CAP","GenusC_speciesC_CAP"],[733778,597254,416650,383160],[110800478,90185354,62914150,57857160],[720276,591712,412780,373170],[98.15993393097095,99.07208658292787,99.07116284651386,97.39273410585656],[107992915,85752301,61755839,55573386],[97.46610930685696,95.08450895474668,98.15890225012974,96.05273746585556],[99.29316922258535,95.97507454852746,99.07918654614215,98.62413079137448],[100.0,100.0,100.0,100.0],[96.77248721323492,97.51162727813531,97.66122389650661,95.67757322399979],[41.04267293472515,42.32489452543823,41.592862020700046,43.39124548373878],[0.35133240499999996,13.332867433,1.50294,0.6490759125000001]],"fill":{"color":["#F5F5F5",["rgb(189, 227, 216)","rgb(233, 241, 239)","rgb(241, 222, 233)","rgb(240, 217, 230)"],["rgb(189, 227, 216)","rgb(233, 241, 239)","rgb(241, 222, 233)","rgb(240, 217, 230)"],["rgb(189, 227, 216)","rgb(230, 240, 237)","rgb(241, 223, 233)","rgb(240, 217, 230)"],["rgb(245, 243, 244)","rgb(189, 227, 216)","rgb(189, 227, 216)","rgb(240, 217, 230)"],["rgb(189, 227, 216)","rgb(237, 242, 241)","rgb(241, 224, 234)","rgb(240, 217, 230)"],["rgb(214, 235, 229)","rgb(240, 217, 230)","rgb(189, 227, 216)","rgb(243, 235, 239)"],["rgb(189, 227, 216)","rgb(240, 217, 230)","rgb(196, 229, 220)","rgb(212, 234, 228)"],["rgb(245, 245, 245)"],["rgb(239, 243, 242)","rgb(197, 230, 220)","rgb(189, 227, 216)","rgb(240, 217, 230)"],["rgb(240, 217, 230)","rgb(240, 243, 242)","rgb(242, 230, 237)","rgb(189, 227, 216)"],["rgb(240, 217, 230)","rgb(189, 227, 216)","rgb(241, 222, 233)","rgb(240, 218, 231)"]]},"format":[null,",",",",",",".2f",",",".2f"],"align":["left","right"],"height":21}}],"label":"Output Reads","method":"restyle"},{"args":[{"cells":{"values":[["GenusB_speciesB_CAP","GenusD_speciesD_CAP","GenusA_speciesA_CAP","GenusC_speciesC_CAP"],[597254,416650,733778,383160],[90185354,62914150,110800478,57857160],[591712,412780,720276,373170],[99.07208658292787,99.07116284651386,98.15993393097095,97.39273410585656],[85752301,61755839,107992915,55573386],[95.08450895474668,98.15890225012974,97.46610930685696,96.05273746585556],[95.97507454852746,99.07918654614215,99.29316922258535,98.62413079137448],[100.0,100.0,100.0,100.0],[97.51162727813531,97.66122389650661,96.77248721323492,95.67757322399979],[42.32489452543823,41.592862020700046,41.04267293472515,43.39124548373878],[13.332867433,1.50294,0.35133240499999996,0.6490759125000001]],"fill":{"color":["#F5F5F5",["rgb(233, 241, 239)","rgb(241, 222, 233)","rgb(189, 227, 216)","rgb(240, 217, 230)"],["rgb(233, 241, 239)","rgb(241, 222, 233)","rgb(189, 227, 216)","rgb(240, 217, 230)"],["rgb(230, 240, 237)","rgb(241, 223, 233)","rgb(189, 227, 216)","rgb(240, 217, 230)"],["rgb(189, 227, 216)","rgb(189, 227, 216)","rgb(245, 243, 244)","rgb(240, 217, 230)"],["rgb(237, 242, 241)","rgb(241, 224, 234)","rgb(189, 227, 216)","rgb(240, 217, 230)"],["rgb(240, 217, 230)","rgb(189, 227, 216)","rgb(214, 235, 229)","rgb(243, 235, 239)"],["rgb(240, 217, 230)","rgb(196, 229, 220)","rgb(189, 227, 216)","rgb(212, 234, 228)"],["rgb(245, 245, 245)"],["rgb(197, 230, 220)","rgb(189, 227, 216)","rgb(239, 243, 242)","rgb(240, 217, 230)"],["rgb(240, 243, 242)","rgb(242, 230, 237)","rgb(240, 217, 230)","rgb(189, 227, 216)"],["rgb(189, 227, 216)","rgb(241, 222, 233)","rgb(240, 217, 230)","rgb(240, 218, 231)"]]},"format":[null,",",",",",",".2f",",",".2f"],"align":["left","right"],"height":21}}],"label":"Output Reads%","method":"restyle"},{"args":[{"cells":{"values":[["GenusA_speciesA_CAP","GenusB_speciesB_CAP","GenusD_speciesD_CAP","GenusC_speciesC_CAP"],[733778,597254,416650,383160],[110800478,90185354,62914150,57857160],[720276,591712,412780,373170],[98.15993393097095,99.07208658292787,99.07116284651386,97.39273410585656],[107992915,85752301,61755839,55573386],[97.46610930685696,95.08450895474668,98.15890225012974,96.05273746585556],[99.29316922258535,95.97507454852746,99.07918654614215,98.62413079137448],[100.0,100.0,100.0,100.0],[96.77248721323492,97.51162727813531,97.66122389650661,95.67757322399979],[41.04267293472515,42.32489452543823,41.592862020700046,43.39124548373878],[0.35133240499999996,13.332867433,1.50294,0.6490759125000001]],"fill":{"color":["#F5F5F5",["rgb(189, 227, 216)","rgb(233, 241, 239)","rgb(241, 222, 233)","rgb(240, 217, 230)"],["rgb(189, 227, 216)","rgb(233, 241, 239)","rgb(241, 222, 233)","rgb(240, 217, 230)"],["rgb(189, 227, 216)","rgb(230, 240, 237)","rgb(241, 223, 233)","rgb(240, 217, 230)"],["rgb(245, 243, 244)","rgb(189, 227, 216)","rgb(189, 227, 216)","rgb(240, 217, 230)"],["rgb(189, 227, 216)","rgb(237, 242, 241)","rgb(241, 224, 234)","rgb(240, 217, 230)"],["rgb(214, 235, 229)","rgb(240, 217, 230)","rgb(189, 227, 216)","rgb(243, 235, 239)"],["rgb(189, 227, 216)","rgb(240, 217, 230)","rgb(196, 229, 220)","rgb(212, 234, 228)"],["rgb(245, 245, 245)"],["rgb(239, 243, 242)","rgb(197, 230, 220)","rgb(189, 227, 216)","rgb(240, 217, 230)"],["rgb(240, 217, 230)","rgb(240, 243, 242)","rgb(242, 230, 237)","rgb(189, 227, 216)"],["rgb(240, 217, 230)","rgb(189, 227, 216)","rgb(241, 222, 233)","rgb(240, 218, 231)"]]},"format":[null,",",",",",",".2f",",",".2f"],"align":["left","right"],"height":21}}],"label":"Output Bases","method":"restyle"},{"args":[{"cells":{"values":[["GenusD_speciesD_CAP","GenusA_speciesA_CAP","GenusC_speciesC_CAP","GenusB_speciesB_CAP"],[416650,733778,383160,597254],[62914150,110800478,57857160,90185354],[412780,720276,373170,591712],[99.07116284651386,98.15993393097095,97.39273410585656,99.07208658292787],[61755839,107992915,55573386,85752301],[98.15890225012974,97.46610930685696,96.05273746585556,95.08450895474668],[99.07918654614215,99.29316922258535,98.62413079137448,95.97507454852746],[100.0,100.0,100.0,100.0],[97.66122389650661,96.77248721323492,95.67757322399979,97.51162727813531],[41.592862020700046,41.04267293472515,43.39124548373878,42.32489452543823],[1.50294,0.35133240499999996,0.6490759125000001,13.332867433]],"fill":{"color":["#F5F5F5",["rgb(241, 222, 233)","rgb(189, 227, 216)","rgb(240, 217, 230)","rgb(233, 241, 239)"],["rgb(241, 222, 233)","rgb(189, 227, 216)","rgb(240, 217, 230)","rgb(233, 241, 239)"],["rgb(241, 223, 233)","rgb(189, 227, 216)","rgb(240, 217, 230)","rgb(230, 240, 237)"],["rgb(189, 227, 216)","rgb(245, 243, 244)","rgb(240, 217, 230)","rgb(189, 227, 216)"],["rgb(241, 224, 234)","rgb(189, 227, 216)","rgb(240, 217, 230)","rgb(237, 242, 241)"],["rgb(189, 227, 216)","rgb(214, 235, 229)","rgb(243, 235, 239)","rgb(240, 217, 230)"],["rgb(196, 229, 220)","rgb(189, 227, 216)","rgb(212, 234, 228)","rgb(240, 217, 230)"],["rgb(245, 245, 245)"],["rgb(189, 227, 216)","rgb(239, 243, 242)","rgb(240, 217, 230)","rgb(197, 230, 220)"],["rgb(242, 230, 237)","rgb(240, 217, 230)","rgb(189, 227, 216)","rgb(240, 243, 242)"],["rgb(241, 222, 233)","rgb(240, 217, 230)","rgb(240, 218, 231)","rgb(189, 227, 216)"]]},"format":[null,",",",",",",".2f",",",".2f"],"align":["left","right"],"height":21}}],"label":"Output Bases%","method":"restyle"},{"args":[{"cells":{"values":[["GenusA_speciesA_CAP","GenusD_speciesD_CAP","GenusC_speciesC_CAP","GenusB_speciesB_CAP"],[733778,416650,383160,597254],[110800478,62914150,57857160,90185354],[720276,412780,373170,591712],[98.15993393097095,99.07116284651386,97.39273410585656,99.07208658292787],[107992915,61755839,55573386,85752301],[97.46610930685696,98.15890225012974,96.05273746585556,95.08450895474668],[99.29316922258535,99.07918654614215,98.62413079137448,95.97507454852746],[100.0,100.0,100.0,100.0],[96.77248721323492,97.66122389650661,95.67757322399979,97.51162727813531],[41.04267293472515,41.592862020700046,43.39124548373878,42.32489452543823],[0.35133240499999996,1.50294,0.6490759125000001,13.332867433]],"fill":{"color":["#F5F5F5",["rgb(189, 227, 216)","rgb(241, 222, 233)","rgb(240, 217, 230)","rgb(233, 241, 239)"],["rgb(189, 227, 216)","rgb(241, 222, 233)","rgb(240, 217, 230)","rgb(233, 241, 239)"],["rgb(189, 227, 216)","rgb(241, 223, 233)","rgb(240, 217, 230)","rgb(230, 240, 237)"],["rgb(245, 243, 244)","rgb(189, 227, 216)","rgb(240, 217, 230)","rgb(189, 227, 216)"],["rgb(189, 227, 216)","rgb(241, 224, 234)","rgb(240, 217, 230)","rgb(237, 242, 241)"],["rgb(214, 235, 229)","rgb(189, 227, 216)","rgb(243, 235, 239)","rgb(240, 217, 230)"],["rgb(189, 227, 216)","rgb(196, 229, 220)","rgb(212, 234, 228)","rgb(240, 217, 230)"],["rgb(245, 245, 245)"],["rgb(239, 243, 242)","rgb(189, 227, 216)","rgb(240, 217, 230)","rgb(197, 230, 220)"],["rgb(240, 217, 230)","rgb(242, 230, 237)","rgb(189, 227, 216)","rgb(240, 243, 242)"],["rgb(240, 217, 230)","rgb(241, 222, 233)","rgb(240, 218, 231)","rgb(189, 227, 216)"]]},"format":[null,",",",",",",".2f",",",".2f"],"align":["left","right"],"height":21}}],"label":"Mean Read Length%","method":"restyle"},{"args":[{"cells":{"values":[["GenusA_speciesA_CAP","GenusD_speciesD_CAP","GenusC_speciesC_CAP","GenusB_speciesB_CAP"],[733778,416650,383160,597254],[110800478,62914150,57857160,90185354],[720276,412780,373170,591712],[98.15993393097095,99.07116284651386,97.39273410585656,99.07208658292787],[107992915,61755839,55573386,85752301],[97.46610930685696,98.15890225012974,96.05273746585556,95.08450895474668],[99.29316922258535,99.07918654614215,98.62413079137448,95.97507454852746],[100.0,100.0,100.0,100.0],[96.77248721323492,97.66122389650661,95.67757322399979,97.51162727813531],[41.04267293472515,41.592862020700046,43.39124548373878,42.32489452543823],[0.35133240499999996,1.50294,0.6490759125000001,13.332867433]],"fill":{"color":["#F5F5F5",["rgb(189, 227, 216)","rgb(241, 222, 233)","rgb(240, 217, 230)","rgb(233, 241, 239)"],["rgb(189, 227, 216)","rgb(241, 222, 233)","rgb(240, 217, 230)","rgb(233, 241, 239)"],["rgb(189, 227, 216)","rgb(241, 223, 233)","rgb(240, 217, 230)","rgb(230, 240, 237)"],["rgb(245, 243, 244)","rgb(189, 227, 216)","rgb(240, 217, 230)","rgb(189, 227, 216)"],["rgb(189, 227, 216)","rgb(241, 224, 234)","rgb(240, 217, 230)","rgb(237, 242, 241)"],["rgb(214, 235, 229)","rgb(189, 227, 216)","rgb(243, 235, 239)","rgb(240, 217, 230)"],["rgb(189, 227, 216)","rgb(196, 229, 220)","rgb(212, 234, 228)","rgb(240, 217, 230)"],["rgb(245, 245, 245)"],["rgb(239, 243, 242)","rgb(189, 227, 216)","rgb(240, 217, 230)","rgb(197, 230, 220)"],["rgb(240, 217, 230)","rgb(242, 230, 237)","rgb(189, 227, 216)","rgb(240, 243, 242)"],["rgb(240, 217, 230)","rgb(241, 222, 233)","rgb(240, 218, 231)","rgb(189, 227, 216)"]]},"format":[null,",",",",",",".2f",",",".2f"],"align":["left","right"],"height":21}}],"label":"\u2265Q20 Reads%","method":"restyle"},{"args":[{"cells":{"values":[["GenusD_speciesD_CAP","GenusB_speciesB_CAP","GenusA_speciesA_CAP","GenusC_speciesC_CAP"],[416650,597254,733778,383160],[62914150,90185354,110800478,57857160],[412780,591712,720276,373170],[99.07116284651386,99.07208658292787,98.15993393097095,97.39273410585656],[61755839,85752301,107992915,55573386],[98.15890225012974,95.08450895474668,97.46610930685696,96.05273746585556],[99.07918654614215,95.97507454852746,99.29316922258535,98.62413079137448],[100.0,100.0,100.0,100.0],[97.66122389650661,97.51162727813531,96.77248721323492,95.67757322399979],[41.592862020700046,42.32489452543823,41.04267293472515,43.39124548373878],[1.50294,13.332867433,0.35133240499999996,0.6490759125000001]],"fill":{"color":["#F5F5F5",["rgb(241, 222, 233)","rgb(233, 241, 239)","rgb(189, 227, 216)","rgb(240, 217, 230)"],["rgb(241, 222, 233)","rgb(233, 241, 239)","rgb(189, 227, 216)","rgb(240, 217, 230)"],["rgb(241, 223, 233)","rgb(230, 240, 237)","rgb(189, 227, 216)","rgb(240, 217, 230)"],["rgb(189, 227, 216)","rgb(189, 227, 216)","rgb(245, 243, 244)","rgb(240, 217, 230)"],["rgb(241, 224, 234)","rgb(237, 242, 241)","rgb(189, 227, 216)","rgb(240, 217, 230)"],["rgb(189, 227, 216)","rgb(240, 217, 230)","rgb(214, 235, 229)","rgb(243, 235, 239)"],["rgb(196, 229, 220)","rgb(240, 217, 230)","rgb(189, 227, 216)","rgb(212, 234, 228)"],["rgb(245, 245, 245)"],["rgb(189, 227, 216)","rgb(197, 230, 220)","rgb(239, 243, 242)","rgb(240, 217, 230)"],["rgb(242, 230, 237)","rgb(240, 243, 242)","rgb(240, 217, 230)","rgb(189, 227, 216)"],["rgb(241, 222, 233)","rgb(189, 227, 216)","rgb(240, 217, 230)","rgb(240, 218, 231)"]]},"format":[null,",",",",",",".2f",",",".2f"],"align":["left","right"],"height":21}}],"label":"\u2265Q30 Reads%","method":"restyle"},{"args":[{"cells":{"values":[["GenusC_speciesC_CAP","GenusB_speciesB_CAP","GenusD_speciesD_CAP","GenusA_speciesA_CAP"],[383160,597254,416650,733778],[57857160,90185354,62914150,110800478],[373170,591712,412780,720276],[97.39273410585656,99.07208658292787,99.07116284651386,98.15993393097095],[55573386,85752301,61755839,107992915],[96.05273746585556,95.08450895474668,98.15890225012974,97.46610930685696],[98.62413079137448,95.97507454852746,99.07918654614215,99.29316922258535],[100.0,100.0,100.0,100.0],[95.67757322399979,97.51162727813531,97.66122389650661,96.77248721323492],[43.39124548373878,42.32489452543823,41.592862020700046,41.04267293472515],[0.6490759125000001,13.332867433,1.50294,0.35133240499999996]],"fill":{"color":["#F5F5F5",["rgb(240, 217, 230)","rgb(233, 241, 239)","rgb(241, 222, 233)","rgb(189, 227, 216)"],["rgb(240, 217, 230)","rgb(233, 241, 239)","rgb(241, 222, 233)","rgb(189, 227, 216)"],["rgb(240, 217, 230)","rgb(230, 240, 237)","rgb(241, 223, 233)","rgb(189, 227, 216)"],["rgb(240, 217, 230)","rgb(189, 227, 216)","rgb(189, 227, 216)","rgb(245, 243, 244)"],["rgb(240, 217, 230)","rgb(237, 242, 241)","rgb(241, 224, 234)","rgb(189, 227, 216)"],["rgb(243, 235, 239)","rgb(240, 217, 230)","rgb(189, 227, 216)","rgb(214, 235, 229)"],["rgb(212, 234, 228)","rgb(240, 217, 230)","rgb(196, 229, 220)","rgb(189, 227, 216)"],["rgb(245, 245, 245)"],["rgb(240, 217, 230)","rgb(197, 230, 220)","rgb(189, 227, 216)","rgb(239, 243, 242)"],["rgb(189, 227, 216)","rgb(240, 243, 242)","rgb(242, 230, 237)","rgb(240, 217, 230)"],["rgb(240, 218, 231)","rgb(189, 227, 216)","rgb(241, 222, 233)","rgb(240, 217, 230)"]]},"format":[null,",",",",",",".2f",",",".2f"],"align":["left","right"],"height":21}}],"label":"GC%","method":"restyle"},{"args":[{"cells":{"values":[["GenusB_speciesB_CAP","GenusD_speciesD_CAP","GenusC_speciesC_CAP","GenusA_speciesA_CAP"],[597254,416650,383160,733778],[90185354,62914150,57857160,110800478],[591712,412780,373170,720276],[99.07208658292787,99.07116284651386,97.39273410585656,98.15993393097095],[85752301,61755839,55573386,107992915],[95.08450895474668,98.15890225012974,96.05273746585556,97.46610930685696],[95.97507454852746,99.07918654614215,98.62413079137448,99.29316922258535],[100.0,100.0,100.0,100.0],[97.51162727813531,97.66122389650661,95.67757322399979,96.77248721323492],[42.32489452543823,41.592862020700046,43.39124548373878,41.04267293472515],[13.332867433,1.50294,0.6490759125000001,0.35133240499999996]],"fill":{"color":["#F5F5F5",["rgb(233, 241, 239)","rgb(241, 222, 233)","rgb(240, 217, 230)","rgb(189, 227, 216)"],["rgb(233, 241, 239)","rgb(241, 222, 233)","rgb(240, 217, 230)","rgb(189, 227, 216)"],["rgb(230, 240, 237)","rgb(241, 223, 233)","rgb(240, 217, 230)","rgb(189, 227, 216)"],["rgb(189, 227, 216)","rgb(189, 227, 216)","rgb(240, 217, 230)","rgb(245, 243, 244)"],["rgb(237, 242, 241)","rgb(241, 224, 234)","rgb(240, 217, 230)","rgb(189, 227, 216)"],["rgb(240, 217, 230)","rgb(189, 227, 216)","rgb(243, 235, 239)","rgb(214, 235, 229)"],["rgb(240, 217, 230)","rgb(196, 229, 220)","rgb(212, 234, 228)","rgb(189, 227, 216)"],["rgb(245, 245, 245)"],["rgb(197, 230, 220)","rgb(189, 227, 216)","rgb(240, 217, 230)","rgb(239, 243, 242)"],["rgb(240, 243, 242)","rgb(242, 230, 237)","rgb(189, 227, 216)","rgb(240, 217, 230)"],["rgb(189, 227, 216)","rgb(241, 222, 233)","rgb(240, 218, 231)","rgb(240, 217, 230)"]]},"format":[null,",",",",",",".2f",",",".2f"],"align":["left","right"],"height":21}}],"label":"Adapter%","method":"restyle"}],"direction":"down","pad":{"b":10,"t":10},"type":"dropdown","x":1,"xanchor":"right","y":1,"yanchor":"bottom"}],"annotations":[{"align":"right","showarrow":false,"text":"<b>Sort by:</b>","x":1,"xanchor":"right","xref":"paper","xshift":-160,"y":1,"yanchor":"top","yref":"paper","yshift":36}]}}